Black Test Mesh
50 16 0.1 1 1
0.0	0
1	0.0
2	0.8414709848078965
3	0.9092974268256817
4	0.1411200080598672
5	0.8414709848078965
6	0.9092974268256817
7	0.1411200080598672
8	-0.7568024953079282
9	0.9092974268256817
10	0.1411200080598672
11	-0.7568024953079282
12	-0.9589242746631385
13	0.1411200080598672
14	-0.7568024953079282
15	-0.9589242746631385
16	-0.27941549819892586
0.1	1
1	0.09983341664682815
2	0.8912073600614354
3	0.8632093666488737
4	0.04158066243329049
5	0.8912073600614354
6	0.8632093666488737
7	0.04158066243329049
8	-0.8182771110644103
9	0.8632093666488737
10	0.04158066243329049
11	-0.8182771110644103
12	-0.9258146823277325
13	0.04158066243329049
14	-0.8182771110644103
15	-0.9258146823277325
16	-0.18216250427209588
0.2	2
1	0.19866933079506122
2	0.9320390859672263
3	0.8084964038195901
4	-0.058374143427580086
5	0.9320390859672263
6	0.8084964038195901
7	-0.058374143427580086
8	-0.8715757724135882
9	0.8084964038195901
10	-0.058374143427580086
11	-0.8715757724135882
12	-0.8834546557201531
13	-0.058374143427580086
14	-0.8715757724135882
15	-0.8834546557201531
16	-0.0830894028174964
0.30000000000000004	3
1	0.2955202066613396
2	0.963558185417193
3	0.7457052121767203
4	-0.1577456941432482
5	0.963558185417193
6	0.7457052121767203
7	-0.1577456941432482
8	-0.9161659367494549
9	0.7457052121767203
10	-0.1577456941432482
11	-0.9161659367494549
12	-0.8322674422239013
13	-0.1577456941432482
14	-0.9161659367494549
15	-0.8322674422239013
16	0.016813900484349713
0.4	4
1	0.3894183423086505
2	0.9854497299884601
3	0.675463180551151
4	-0.2555411020268312
5	0.9854497299884601
6	0.675463180551151
7	-0.2555411020268312
8	-0.951602073889516
9	0.675463180551151
10	-0.2555411020268312
11	-0.951602073889516
12	-0.7727644875559871
13	-0.2555411020268312
14	-0.951602073889516
15	-0.7727644875559871
16	0.11654920485049364
0.5	5
1	0.479425538604203
2	0.9974949866040544
3	0.5984721441039565
4	-0.35078322768961984
5	0.9974949866040544
6	0.5984721441039565
7	-0.35078322768961984
8	-0.977530117665097
9	0.5984721441039565
10	-0.35078322768961984
11	-0.977530117665097
12	-0.7055403255703919
13	-0.35078322768961984
14	-0.977530117665097
15	-0.7055403255703919
16	0.21511998808781552
0.6000000000000001	6
1	0.5646424733950355
2	0.9995736030415051
3	0.5155013718214642
4	-0.44252044329485246
5	0.9995736030415051
6	0.5155013718214642
7	-0.44252044329485246
8	-0.9936910036334644
9	0.5155013718214642
10	-0.44252044329485246
11	-0.9936910036334644
12	-0.6312666378723216
13	-0.44252044329485246
14	-0.9936910036334644
15	-0.6312666378723216
16	0.31154136351337786
0.7000000000000001	7
1	0.6442176872376911
2	0.9916648104524686
3	0.4273798802338298
4	-0.5298361409084934
5	0.9916648104524686
6	0.4273798802338298
7	-0.5298361409084934
8	-0.9999232575641008
9	0.4273798802338298
10	-0.5298361409084934
11	-0.9999232575641008
12	-0.5506855425976376
13	-0.5298361409084934
14	-0.9999232575641008
15	-0.5506855425976376
16	0.4048499206165983
0.8	8
1	0.7173560908995228
2	0.9738476308781951
3	0.3349881501559051
4	-0.6118578909427189
5	0.9738476308781951
6	0.3349881501559051
7	-0.6118578909427189
8	-0.9961646088358407
9	0.3349881501559051
10	-0.6118578909427189
11	-0.9961646088358407
12	-0.46460217941375737
13	-0.6118578909427189
14	-0.9961646088358407
15	-0.46460217941375737
16	0.49411335113860816
0.9	9
1	0.7833269096274834
2	0.9463000876874145
3	0.23924932921398243
4	-0.6877661591839738
5	0.9463000876874145
6	0.23924932921398243
7	-0.6877661591839738
8	-0.9824526126243325
9	0.23924932921398243
10	-0.6877661591839738
11	-0.9824526126243325
12	-0.373876664830236
13	-0.6877661591839738
14	-0.9824526126243325
15	-0.373876664830236
16	0.5784397643882001
1.0	10
1	0.8414709848078965
2	0.9092974268256817
3	0.1411200080598672
4	-0.7568024953079282
5	0.9092974268256817
6	0.1411200080598672
7	-0.7568024953079282
8	-0.9589242746631385
9	0.1411200080598672
10	-0.7568024953079282
11	-0.9589242746631385
12	-0.27941549819892586
13	-0.7568024953079282
14	-0.9589242746631385
15	-0.27941549819892586
16	0.6569865987187891
1.1	11
1	0.8912073600614354
2	0.8632093666488737
3	0.04158066243329049
4	-0.8182771110644103
5	0.8632093666488737
6	0.04158066243329049
7	-0.8182771110644103
8	-0.9258146823277325
9	0.04158066243329049
10	-0.8182771110644103
11	-0.9258146823277325
12	-0.18216250427209588
13	-0.8182771110644103
14	-0.9258146823277325
15	-0.18216250427209588
16	0.7289690401258759
1.2000000000000002	12
1	0.9320390859672264
2	0.8084964038195901
3	-0.058374143427580086
4	-0.8715757724135882
5	0.8084964038195901
6	-0.058374143427580086
7	-0.8715757724135882
8	-0.8834546557201531
9	-0.058374143427580086
10	-0.8715757724135882
11	-0.8834546557201531
12	-0.0830894028174964
13	-0.8715757724135882
14	-0.8834546557201531
15	-0.0830894028174964
16	0.7936678638491531
1.3	13
1	0.963558185417193
2	0.7457052121767203
3	-0.1577456941432482
4	-0.9161659367494549
5	0.7457052121767203
6	-0.1577456941432482
7	-0.9161659367494549
8	-0.8322674422239013
9	-0.1577456941432482
10	-0.9161659367494549
11	-0.8322674422239013
12	0.016813900484349713
13	-0.9161659367494549
14	-0.8322674422239013
15	0.016813900484349713
16	0.8504366206285644
1.4000000000000001	14
1	0.9854497299884603
2	0.6754631805511506
3	-0.25554110202683167
4	-0.951602073889516
5	0.6754631805511506
6	-0.25554110202683167
7	-0.951602073889516
8	-0.7727644875559871
9	-0.25554110202683167
10	-0.951602073889516
11	-0.7727644875559871
12	0.11654920485049364
13	-0.951602073889516
14	-0.7727644875559871
15	0.11654920485049364
16	0.8987080958116269
1.5	15
1	0.9974949866040544
2	0.5984721441039565
3	-0.35078322768961984
4	-0.977530117665097
5	0.5984721441039565
6	-0.35078322768961984
7	-0.977530117665097
8	-0.7055403255703919
9	-0.35078322768961984
10	-0.977530117665097
11	-0.7055403255703919
12	0.21511998808781552
13	-0.977530117665097
14	-0.7055403255703919
15	0.21511998808781552
16	0.9379999767747389
1.6	16
1	0.9995736030415051
2	0.5155013718214642
3	-0.44252044329485246
4	-0.9936910036334644
5	0.5155013718214642
6	-0.44252044329485246
7	-0.9936910036334644
8	-0.6312666378723216
9	-0.44252044329485246
10	-0.9936910036334644
11	-0.6312666378723216
12	0.31154136351337786
13	-0.9936910036334644
14	-0.6312666378723216
15	0.31154136351337786
16	0.9679196720314863
1.7000000000000002	17
1	0.9916648104524686
2	0.4273798802338298
3	-0.5298361409084934
4	-0.9999232575641008
5	0.4273798802338298
6	-0.5298361409084934
7	-0.9999232575641008
8	-0.5506855425976376
9	-0.5298361409084934
10	-0.9999232575641008
11	-0.5506855425976376
12	0.4048499206165983
13	-0.9999232575641008
14	-0.5506855425976376
15	0.4048499206165983
16	0.9881682338770004
1.8	18
1	0.9738476308781951
2	0.3349881501559051
3	-0.6118578909427189
4	-0.9961646088358407
5	0.3349881501559051
6	-0.6118578909427189
7	-0.9961646088358407
8	-0.46460217941375737
9	-0.6118578909427189
10	-0.9961646088358407
11	-0.46460217941375737
12	0.49411335113860816
13	-0.9961646088358407
14	-0.46460217941375737
15	0.49411335113860816
16	0.998543345374605
1.9000000000000001	19
1	0.9463000876874145
2	0.23924932921398198
3	-0.6877661591839741
4	-0.9824526126243325
5	0.23924932921398198
6	-0.6877661591839741
7	-0.9824526126243325
8	-0.373876664830236
9	-0.6877661591839741
10	-0.9824526126243325
11	-0.373876664830236
12	0.5784397643882001
13	-0.9824526126243325
14	-0.373876664830236
15	0.5784397643882001
16	0.998941341839772
2.0	20
1	0.9092974268256817
2	0.1411200080598672
3	-0.7568024953079282
4	-0.9589242746631385
5	0.1411200080598672
6	-0.7568024953079282
7	-0.9589242746631385
8	-0.27941549819892586
9	-0.7568024953079282
10	-0.9589242746631385
11	-0.27941549819892586
12	0.6569865987187891
13	-0.9589242746631385
14	-0.27941549819892586
15	0.6569865987187891
16	0.9893582466233818
2.1	21
1	0.8632093666488737
2	0.04158066243329049
3	-0.8182771110644103
4	-0.9258146823277325
5	0.04158066243329049
6	-0.8182771110644103
7	-0.9258146823277325
8	-0.18216250427209588
9	-0.8182771110644103
10	-0.9258146823277325
11	-0.18216250427209588
12	0.7289690401258759
13	-0.9258146823277325
14	-0.18216250427209588
15	0.7289690401258759
16	0.9698898108450863
2.2	22
1	0.8084964038195901
2	-0.058374143427580086
3	-0.8715757724135882
4	-0.8834546557201531
5	-0.058374143427580086
6	-0.8715757724135882
7	-0.8834546557201531
8	-0.0830894028174964
9	-0.8715757724135882
10	-0.8834546557201531
11	-0.0830894028174964
12	0.7936678638491531
13	-0.8834546557201531
14	-0.0830894028174964
15	0.7936678638491531
16	0.9407305566797731
2.3000000000000003	23
1	0.74570521217672
2	-0.15774569414324865
3	-0.9161659367494552
4	-0.8322674422239008
5	-0.15774569414324865
6	-0.9161659367494552
7	-0.8322674422239008
8	0.0168139004843506
9	-0.9161659367494552
10	-0.8322674422239008
11	0.0168139004843506
12	0.8504366206285648
13	-0.8322674422239008
14	0.0168139004843506
15	0.8504366206285648
16	0.9021718337562933
2.4000000000000004	24
1	0.6754631805511506
2	-0.25554110202683167
3	-0.951602073889516
4	-0.7727644875559871
5	-0.25554110202683167
6	-0.951602073889516
7	-0.7727644875559871
8	0.11654920485049364
9	-0.951602073889516
10	-0.7727644875559871
11	0.11654920485049364
12	0.8987080958116269
13	-0.7727644875559871
14	0.11654920485049364
15	0.8987080958116269
16	0.8545989080882804
2.5	25
1	0.5984721441039565
2	-0.35078322768961984
3	-0.977530117665097
4	-0.7055403255703919
5	-0.35078322768961984
6	-0.977530117665097
7	-0.7055403255703919
8	0.21511998808781552
9	-0.977530117665097
10	-0.7055403255703919
11	0.21511998808781552
12	0.9379999767747389
13	-0.7055403255703919
14	0.21511998808781552
15	0.9379999767747389
16	0.7984871126234903
2.6	26
1	0.5155013718214642
2	-0.44252044329485246
3	-0.9936910036334644
4	-0.6312666378723216
5	-0.44252044329485246
6	-0.9936910036334644
7	-0.6312666378723216
8	0.31154136351337786
9	-0.9936910036334644
10	-0.6312666378723216
11	0.31154136351337786
12	0.9679196720314863
13	-0.6312666378723216
14	0.31154136351337786
15	0.9679196720314863
16	0.7343970978741133
2.7	27
1	0.4273798802338298
2	-0.5298361409084934
3	-0.9999232575641008
4	-0.5506855425976376
5	-0.5298361409084934
6	-0.9999232575641008
7	-0.5506855425976376
8	0.4048499206165983
9	-0.9999232575641008
10	-0.5506855425976376
11	0.4048499206165983
12	0.9881682338770004
13	-0.5506855425976376
14	0.4048499206165983
15	0.9881682338770004
16	0.6629692300821833
2.8000000000000003	28
1	0.33498815015590466
2	-0.6118578909427193
3	-0.9961646088358406
4	-0.4646021794137566
5	-0.6118578909427193
6	-0.9961646088358406
7	-0.4646021794137566
8	0.49411335113860894
9	-0.9961646088358406
10	-0.4646021794137566
11	0.49411335113860894
12	0.998543345374605
13	-0.4646021794137566
14	0.49411335113860894
15	0.998543345374605
16	0.5849171928917617
2.9000000000000004	29
1	0.23924932921398198
2	-0.6877661591839741
3	-0.9824526126243325
4	-0.373876664830236
5	-0.6877661591839741
6	-0.9824526126243325
7	-0.373876664830236
8	0.5784397643882001
9	-0.9824526126243325
10	-0.373876664830236
11	0.5784397643882001
12	0.998941341839772
13	-0.373876664830236
14	0.5784397643882001
15	0.998941341839772
16	0.5010208564578846
3.0	30
1	0.1411200080598672
2	-0.7568024953079282
3	-0.9589242746631385
4	-0.27941549819892586
5	-0.7568024953079282
6	-0.9589242746631385
7	-0.27941549819892586
8	0.6569865987187891
9	-0.9589242746631385
10	-0.27941549819892586
11	0.6569865987187891
12	0.9893582466233818
13	-0.27941549819892586
14	0.6569865987187891
15	0.9893582466233818
16	0.4121184852417566
3.1	31
1	0.04158066243329049
2	-0.8182771110644103
3	-0.9258146823277325
4	-0.18216250427209588
5	-0.8182771110644103
6	-0.9258146823277325
7	-0.18216250427209588
8	0.7289690401258759
9	-0.9258146823277325
10	-0.18216250427209588
11	0.7289690401258759
12	0.9698898108450863
13	-0.18216250427209588
14	0.7289690401258759
15	0.9698898108450863
16	0.3190983623493521
3.2	32
1	-0.058374143427580086
2	-0.8715757724135882
3	-0.8834546557201531
4	-0.0830894028174964
5	-0.8715757724135882
6	-0.8834546557201531
7	-0.0830894028174964
8	0.7936678638491531
9	-0.8834546557201531
10	-0.0830894028174964
11	0.7936678638491531
12	0.9407305566797731
13	-0.0830894028174964
14	0.7936678638491531
15	0.9407305566797731
16	0.22288991410024764
3.3000000000000003	33
1	-0.15774569414324865
2	-0.9161659367494552
3	-0.8322674422239008
4	0.0168139004843506
5	-0.9161659367494552
6	-0.8322674422239008
7	0.0168139004843506
8	0.8504366206285648
9	-0.8322674422239008
10	0.0168139004843506
11	0.8504366206285648
12	0.9021718337562933
13	0.0168139004843506
14	0.8504366206285648
15	0.9021718337562933
16	0.1244544235070617
3.4000000000000004	34
1	-0.25554110202683167
2	-0.951602073889516
3	-0.7727644875559871
4	0.11654920485049364
5	-0.951602073889516
6	-0.7727644875559871
7	0.11654920485049364
8	0.8987080958116269
9	-0.7727644875559871
10	0.11654920485049364
11	0.8987080958116269
12	0.8545989080882804
13	0.11654920485049364
14	0.8987080958116269
15	0.8545989080882804
16	0.024775425453357765
3.5	35
1	-0.35078322768961984
2	-0.977530117665097
3	-0.7055403255703919
4	0.21511998808781552
5	-0.977530117665097
6	-0.7055403255703919
7	0.21511998808781552
8	0.9379999767747389
9	-0.7055403255703919
10	0.21511998808781552
11	0.9379999767747389
12	0.7984871126234903
13	0.21511998808781552
14	0.9379999767747389
15	0.7984871126234903
16	-0.0751511204618093
3.6	36
1	-0.44252044329485246
2	-0.9936910036334644
3	-0.6312666378723216
4	0.31154136351337786
5	-0.9936910036334644
6	-0.6312666378723216
7	0.31154136351337786
8	0.9679196720314863
9	-0.6312666378723216
10	0.31154136351337786
11	0.9679196720314863
12	0.7343970978741133
13	0.31154136351337786
14	0.9679196720314863
15	0.7343970978741133
16	-0.17432678122297965
3.7	37
1	-0.5298361409084934
2	-0.9999232575641008
3	-0.5506855425976376
4	0.4048499206165983
5	-0.9999232575641008
6	-0.5506855425976376
7	0.4048499206165983
8	0.9881682338770004
9	-0.5506855425976376
10	0.4048499206165983
11	0.9881682338770004
12	0.6629692300821833
13	0.4048499206165983
14	0.9881682338770004
15	0.6629692300821833
16	-0.27176062641094245
3.8000000000000003	38
1	-0.6118578909427193
2	-0.9961646088358406
3	-0.4646021794137566
4	0.49411335113860894
5	-0.9961646088358406
6	-0.4646021794137566
7	0.49411335113860894
8	0.998543345374605
9	-0.4646021794137566
10	0.49411335113860894
11	0.998543345374605
12	0.5849171928917617
13	0.49411335113860894
14	0.998543345374605
15	0.5849171928917617
16	-0.3664791292519284
3.9000000000000004	39
1	-0.6877661591839741
2	-0.9824526126243325
3	-0.373876664830236
4	0.5784397643882001
5	-0.9824526126243325
6	-0.373876664830236
7	0.5784397643882001
8	0.998941341839772
9	-0.373876664830236
10	0.5784397643882001
11	0.998941341839772
12	0.5010208564578846
13	0.5784397643882001
14	0.998941341839772
15	0.5010208564578846
16	-0.45753589377532133
4.0	40
1	-0.7568024953079282
2	-0.9589242746631385
3	-0.27941549819892586
4	0.6569865987187891
5	-0.9589242746631385
6	-0.27941549819892586
7	0.6569865987187891
8	0.9893582466233818
9	-0.27941549819892586
10	0.6569865987187891
11	0.9893582466233818
12	0.4121184852417566
13	0.6569865987187891
14	0.9893582466233818
15	0.4121184852417566
16	-0.5440211108893698
4.1000000000000005	41
1	-0.8182771110644108
2	-0.9258146823277321
3	-0.18216250427209502
4	0.7289690401258765
5	-0.9258146823277321
6	-0.18216250427209502
7	0.7289690401258765
8	0.9698898108450859
9	-0.18216250427209502
10	0.7289690401258765
11	0.9698898108450859
12	0.3190983623493504
13	0.7289690401258765
14	0.9698898108450859
15	0.3190983623493504
16	-0.6250706488928834
4.2	42
1	-0.8715757724135882
2	-0.8834546557201531
3	-0.0830894028174964
4	0.7936678638491531
5	-0.8834546557201531
6	-0.0830894028174964
7	0.7936678638491531
8	0.9407305566797731
9	-0.0830894028174964
10	0.7936678638491531
11	0.9407305566797731
12	0.22288991410024764
13	0.7936678638491531
14	0.9407305566797731
15	0.22288991410024764
16	-0.6998746875935423
4.3	43
1	-0.9161659367494549
2	-0.8322674422239013
3	0.016813900484349713
4	0.8504366206285644
5	-0.8322674422239013
6	0.016813900484349713
7	0.8504366206285644
8	0.9021718337562933
9	0.016813900484349713
10	0.8504366206285644
11	0.9021718337562933
12	0.1244544235070617
13	0.8504366206285644
14	0.9021718337562933
15	0.1244544235070617
16	-0.7676858097635825
4.4	44
1	-0.951602073889516
2	-0.7727644875559871
3	0.11654920485049364
4	0.8987080958116269
5	-0.7727644875559871
6	0.11654920485049364
7	0.8987080958116269
8	0.8545989080882804
9	0.11654920485049364
10	0.8987080958116269
11	0.8545989080882804
12	0.024775425453357765
13	0.8987080958116269
14	0.8545989080882804
15	0.024775425453357765
16	-0.8278264690856537
4.5	45
1	-0.977530117665097
2	-0.7055403255703919
3	0.21511998808781552
4	0.9379999767747389
5	-0.7055403255703919
6	0.21511998808781552
7	0.9379999767747389
8	0.7984871126234903
9	0.21511998808781552
10	0.9379999767747389
11	0.7984871126234903
12	-0.0751511204618093
13	0.9379999767747389
14	0.7984871126234903
15	-0.0751511204618093
16	-0.87969575997167
4.6000000000000005	46
1	-0.9936910036334645
2	-0.6312666378723208
3	0.3115413635133787
4	0.9679196720314865
5	-0.6312666378723208
6	0.3115413635133787
7	0.9679196720314865
8	0.7343970978741122
9	0.3115413635133787
10	0.9679196720314865
11	0.7343970978741122
12	-0.1743267812229814
13	0.9679196720314865
14	0.7343970978741122
15	-0.1743267812229814
16	-0.9227754216128073
4.7	47
1	-0.9999232575641008
2	-0.5506855425976376
3	0.4048499206165983
4	0.9881682338770004
5	-0.5506855425976376
6	0.4048499206165983
7	0.9881682338770004
8	0.6629692300821833
9	0.4048499206165983
10	0.9881682338770004
11	0.6629692300821833
12	-0.27176062641094245
13	0.9881682338770004
14	0.6629692300821833
15	-0.27176062641094245
16	-0.9566350162701879
4.800000000000001	48
1	-0.9961646088358406
2	-0.4646021794137566
3	0.49411335113860894
4	0.998543345374605
5	-0.4646021794137566
6	0.49411335113860894
7	0.998543345374605
8	0.5849171928917617
9	0.49411335113860894
10	0.998543345374605
11	0.5849171928917617
12	-0.3664791292519284
13	0.998543345374605
14	0.5849171928917617
15	-0.3664791292519284
16	-0.9809362300664916
4.9	49
1	-0.9824526126243325
2	-0.373876664830236
3	0.5784397643882001
4	0.998941341839772
5	-0.373876664830236
6	0.5784397643882001
7	0.998941341839772
8	0.5010208564578846
9	0.5784397643882001
10	0.998941341839772
11	0.5010208564578846
12	-0.45753589377532133
13	0.998941341839772
14	0.5010208564578846
15	-0.45753589377532133
16	-0.9954362533063774
