Black Test Mesh
50 16 0.1 1 2
0.0	0
1	-99999	-99999
2	0.8414709848078965	1.0
3	0.9092974268256817	1.0
4	0.1411200080598672	1.0
5	0.0	0.5403023058681398
6	0.8414709848078965	0.5403023058681398
7	0.9092974268256817	0.5403023058681398
8	0.1411200080598672	0.5403023058681398
9	0.0	-0.4161468365471424
10	0.8414709848078965	-0.4161468365471424
11	0.9092974268256817	-0.4161468365471424
12	0.1411200080598672	-0.4161468365471424
13	0.0	-0.9899924966004454
14	0.8414709848078965	-0.9899924966004454
15	0.9092974268256817	-0.9899924966004454
16	0.1411200080598672	-0.9899924966004454
0.1	1
1	-99999	-99999
2	0.8912073600614354	0.9950041652780258
3	0.8632093666488737	0.9950041652780258
4	0.04158066243329049	0.9950041652780258
5	0.09983341664682815	0.4535961214255773
6	0.8912073600614354	0.4535961214255773
7	0.8632093666488737	0.4535961214255773
8	0.04158066243329049	0.4535961214255773
9	0.09983341664682815	-0.5048461045998576
10	0.8912073600614354	-0.5048461045998576
11	0.8632093666488737	-0.5048461045998576
12	0.04158066243329049	-0.5048461045998576
13	0.09983341664682815	-0.9991351502732795
14	0.8912073600614354	-0.9991351502732795
15	0.8632093666488737	-0.9991351502732795
16	0.04158066243329049	-0.9991351502732795
0.2	2
1	-99999	-99999
2	0.9320390859672263	0.9800665778412416
3	0.8084964038195901	0.9800665778412416
4	-0.058374143427580086	0.9800665778412416
5	0.19866933079506122	0.3623577544766736
6	0.9320390859672263	0.3623577544766736
7	0.8084964038195901	0.3623577544766736
8	-0.058374143427580086	0.3623577544766736
9	0.19866933079506122	-0.5885011172553458
10	0.9320390859672263	-0.5885011172553458
11	0.8084964038195901	-0.5885011172553458
12	-0.058374143427580086	-0.5885011172553458
13	0.19866933079506122	-0.9982947757947531
14	0.9320390859672263	-0.9982947757947531
15	0.8084964038195901	-0.9982947757947531
16	-0.058374143427580086	-0.9982947757947531
0.30000000000000004	3
1	-99999	-99999
2	0.963558185417193	0.955336489125606
3	0.7457052121767203	0.955336489125606
4	-0.1577456941432482	0.955336489125606
5	0.2955202066613396	0.26749882862458735
6	0.963558185417193	0.26749882862458735
7	0.7457052121767203	0.26749882862458735
8	-0.1577456941432482	0.26749882862458735
9	0.2955202066613396	-0.6662760212798241
10	0.963558185417193	-0.6662760212798241
11	0.7457052121767203	-0.6662760212798241
12	-0.1577456941432482	-0.6662760212798241
13	0.2955202066613396	-0.9874797699088649
14	0.963558185417193	-0.9874797699088649
15	0.7457052121767203	-0.9874797699088649
16	-0.1577456941432482	-0.9874797699088649
0.4	4
1	-99999	-99999
2	0.9854497299884601	0.9210609940028851
3	0.675463180551151	0.9210609940028851
4	-0.2555411020268312	0.9210609940028851
5	0.3894183423086505	0.16996714290024104
6	0.9854497299884601	0.16996714290024104
7	0.675463180551151	0.16996714290024104
8	-0.2555411020268312	0.16996714290024104
9	0.3894183423086505	-0.7373937155412454
10	0.9854497299884601	-0.7373937155412454
11	0.675463180551151	-0.7373937155412454
12	-0.2555411020268312	-0.7373937155412454
13	0.3894183423086505	-0.9667981925794611
14	0.9854497299884601	-0.9667981925794611
15	0.675463180551151	-0.9667981925794611
16	-0.2555411020268312	-0.9667981925794611
0.5	5
1	-99999	-99999
2	0.9974949866040544	0.8775825618903728
3	0.5984721441039565	0.8775825618903728
4	-0.35078322768961984	0.8775825618903728
5	0.479425538604203	0.0707372016677029
6	0.9974949866040544	0.0707372016677029
7	0.5984721441039565	0.0707372016677029
8	-0.35078322768961984	0.0707372016677029
9	0.479425538604203	-0.8011436155469337
10	0.9974949866040544	-0.8011436155469337
11	0.5984721441039565	-0.8011436155469337
12	-0.35078322768961984	-0.8011436155469337
13	0.479425538604203	-0.9364566872907963
14	0.9974949866040544	-0.9364566872907963
15	0.5984721441039565	-0.9364566872907963
16	-0.35078322768961984	-0.9364566872907963
0.6000000000000001	6
1	-99999	-99999
2	0.9995736030415051	0.8253356149096782
3	0.5155013718214642	0.8253356149096782
4	-0.44252044329485246	0.8253356149096782
5	0.5646424733950355	-0.029199522301288815
6	0.9995736030415051	-0.029199522301288815
7	0.5155013718214642	-0.029199522301288815
8	-0.44252044329485246	-0.029199522301288815
9	0.5646424733950355	-0.8568887533689473
10	0.9995736030415051	-0.8568887533689473
11	0.5155013718214642	-0.8568887533689473
12	-0.44252044329485246	-0.8568887533689473
13	0.5646424733950355	-0.896758416334147
14	0.9995736030415051	-0.896758416334147
15	0.5155013718214642	-0.896758416334147
16	-0.44252044329485246	-0.896758416334147
0.7000000000000001	7
1	-99999	-99999
2	0.9916648104524686	0.7648421872844884
3	0.4273798802338298	0.7648421872844884
4	-0.5298361409084934	0.7648421872844884
5	0.6442176872376911	-0.12884449429552486
6	0.9916648104524686	-0.12884449429552486
7	0.4273798802338298	-0.12884449429552486
8	-0.5298361409084934	-0.12884449429552486
9	0.6442176872376911	-0.9040721420170612
10	0.9916648104524686	-0.9040721420170612
11	0.4273798802338298	-0.9040721420170612
12	-0.5298361409084934	-0.9040721420170612
13	0.6442176872376911	-0.848100031710408
14	0.9916648104524686	-0.848100031710408
15	0.4273798802338298	-0.848100031710408
16	-0.5298361409084934	-0.848100031710408
0.8	8
1	-99999	-99999
2	0.9738476308781951	0.6967067093471654
3	0.3349881501559051	0.6967067093471654
4	-0.6118578909427189	0.6967067093471654
5	0.7173560908995228	-0.2272020946930871
6	0.9738476308781951	-0.2272020946930871
7	0.3349881501559051	-0.2272020946930871
8	-0.6118578909427189	-0.2272020946930871
9	0.7173560908995228	-0.9422223406686581
10	0.9738476308781951	-0.9422223406686581
11	0.3349881501559051	-0.9422223406686581
12	-0.6118578909427189	-0.9422223406686581
13	0.7173560908995228	-0.7909677119144168
14	0.9738476308781951	-0.7909677119144168
15	0.3349881501559051	-0.7909677119144168
16	-0.6118578909427189	-0.7909677119144168
0.9	9
1	-99999	-99999
2	0.9463000876874145	0.6216099682706644
3	0.23924932921398243	0.6216099682706644
4	-0.6877661591839738	0.6216099682706644
5	0.7833269096274834	-0.32328956686350335
6	0.9463000876874145	-0.32328956686350335
7	0.23924932921398243	-0.32328956686350335
8	-0.6877661591839738	-0.32328956686350335
9	0.7833269096274834	-0.9709581651495905
10	0.9463000876874145	-0.9709581651495905
11	0.23924932921398243	-0.9709581651495905
12	-0.6877661591839738	-0.9709581651495905
13	0.7833269096274834	-0.7259323042001402
14	0.9463000876874145	-0.7259323042001402
15	0.23924932921398243	-0.7259323042001402
16	-0.6877661591839738	-0.7259323042001402
1.0	10
1	-99999	-99999
2	0.9092974268256817	0.5403023058681398
3	0.1411200080598672	0.5403023058681398
4	-0.7568024953079282	0.5403023058681398
5	0.8414709848078965	-0.4161468365471424
6	0.9092974268256817	-0.4161468365471424
7	0.1411200080598672	-0.4161468365471424
8	-0.7568024953079282	-0.4161468365471424
9	0.8414709848078965	-0.9899924966004454
10	0.9092974268256817	-0.9899924966004454
11	0.1411200080598672	-0.9899924966004454
12	-0.7568024953079282	-0.9899924966004454
13	0.8414709848078965	-0.6536436208636119
14	0.9092974268256817	-0.6536436208636119
15	0.1411200080598672	-0.6536436208636119
16	-0.7568024953079282	-0.6536436208636119
1.1	11
1	-99999	-99999
2	0.8632093666488737	0.4535961214255773
3	0.04158066243329049	0.4535961214255773
4	-0.8182771110644103	0.4535961214255773
5	0.8912073600614354	-0.5048461045998576
6	0.8632093666488737	-0.5048461045998576
7	0.04158066243329049	-0.5048461045998576
8	-0.8182771110644103	-0.5048461045998576
9	0.8912073600614354	-0.9991351502732795
10	0.8632093666488737	-0.9991351502732795
11	0.04158066243329049	-0.9991351502732795
12	-0.8182771110644103	-0.9991351502732795
13	0.8912073600614354	-0.5748239465332692
14	0.8632093666488737	-0.5748239465332692
15	0.04158066243329049	-0.5748239465332692
16	-0.8182771110644103	-0.5748239465332692
1.2000000000000002	12
1	-99999	-99999
2	0.8084964038195901	0.3623577544766734
3	-0.058374143427580086	0.3623577544766734
4	-0.8715757724135882	0.3623577544766734
5	0.9320390859672264	-0.5885011172553458
6	0.8084964038195901	-0.5885011172553458
7	-0.058374143427580086	-0.5885011172553458
8	-0.8715757724135882	-0.5885011172553458
9	0.9320390859672264	-0.9982947757947531
10	0.8084964038195901	-0.9982947757947531
11	-0.058374143427580086	-0.9982947757947531
12	-0.8715757724135882	-0.9982947757947531
13	0.9320390859672264	-0.4902608213406994
14	0.8084964038195901	-0.4902608213406994
15	-0.058374143427580086	-0.4902608213406994
16	-0.8715757724135882	-0.4902608213406994
1.3	13
1	-99999	-99999
2	0.7457052121767203	0.26749882862458735
3	-0.1577456941432482	0.26749882862458735
4	-0.9161659367494549	0.26749882862458735
5	0.963558185417193	-0.6662760212798241
6	0.7457052121767203	-0.6662760212798241
7	-0.1577456941432482	-0.6662760212798241
8	-0.9161659367494549	-0.6662760212798241
9	0.963558185417193	-0.9874797699088649
10	0.7457052121767203	-0.9874797699088649
11	-0.1577456941432482	-0.9874797699088649
12	-0.9161659367494549	-0.9874797699088649
13	0.963558185417193	-0.40079917207997545
14	0.7457052121767203	-0.40079917207997545
15	-0.1577456941432482	-0.40079917207997545
16	-0.9161659367494549	-0.40079917207997545
1.4000000000000001	14
1	-99999	-99999
2	0.6754631805511506	0.16996714290024081
3	-0.25554110202683167	0.16996714290024081
4	-0.951602073889516	0.16996714290024081
5	0.9854497299884603	-0.7373937155412458
6	0.6754631805511506	-0.7373937155412458
7	-0.25554110202683167	-0.7373937155412458
8	-0.951602073889516	-0.7373937155412458
9	0.9854497299884603	-0.9667981925794609
10	0.6754631805511506	-0.9667981925794609
11	-0.25554110202683167	-0.9667981925794609
12	-0.951602073889516	-0.9667981925794609
13	0.9854497299884603	-0.30733286997841935
14	0.6754631805511506	-0.30733286997841935
15	-0.25554110202683167	-0.30733286997841935
16	-0.951602073889516	-0.30733286997841935
1.5	15
1	-99999	-99999
2	0.5984721441039565	0.0707372016677029
3	-0.35078322768961984	0.0707372016677029
4	-0.977530117665097	0.0707372016677029
5	0.9974949866040544	-0.8011436155469337
6	0.5984721441039565	-0.8011436155469337
7	-0.35078322768961984	-0.8011436155469337
8	-0.977530117665097	-0.8011436155469337
9	0.9974949866040544	-0.9364566872907963
10	0.5984721441039565	-0.9364566872907963
11	-0.35078322768961984	-0.9364566872907963
12	-0.977530117665097	-0.9364566872907963
13	0.9974949866040544	-0.2107957994307797
14	0.5984721441039565	-0.2107957994307797
15	-0.35078322768961984	-0.2107957994307797
16	-0.977530117665097	-0.2107957994307797
1.6	16
1	-99999	-99999
2	0.5155013718214642	-0.029199522301288815
3	-0.44252044329485246	-0.029199522301288815
4	-0.9936910036334644	-0.029199522301288815
5	0.9995736030415051	-0.8568887533689473
6	0.5155013718214642	-0.8568887533689473
7	-0.44252044329485246	-0.8568887533689473
8	-0.9936910036334644	-0.8568887533689473
9	0.9995736030415051	-0.896758416334147
10	0.5155013718214642	-0.896758416334147
11	-0.44252044329485246	-0.896758416334147
12	-0.9936910036334644	-0.896758416334147
13	0.9995736030415051	-0.11215252693505487
14	0.5155013718214642	-0.11215252693505487
15	-0.44252044329485246	-0.11215252693505487
16	-0.9936910036334644	-0.11215252693505487
1.7000000000000002	17
1	-99999	-99999
2	0.4273798802338298	-0.12884449429552486
3	-0.5298361409084934	-0.12884449429552486
4	-0.9999232575641008	-0.12884449429552486
5	0.9916648104524686	-0.9040721420170612
6	0.4273798802338298	-0.9040721420170612
7	-0.5298361409084934	-0.9040721420170612
8	-0.9999232575641008	-0.9040721420170612
9	0.9916648104524686	-0.848100031710408
10	0.4273798802338298	-0.848100031710408
11	-0.5298361409084934	-0.848100031710408
12	-0.9999232575641008	-0.848100031710408
13	0.9916648104524686	-0.01238866346289056
14	0.4273798802338298	-0.01238866346289056
15	-0.5298361409084934	-0.01238866346289056
16	-0.9999232575641008	-0.01238866346289056
1.8	18
1	-99999	-99999
2	0.3349881501559051	-0.2272020946930871
3	-0.6118578909427189	-0.2272020946930871
4	-0.9961646088358407	-0.2272020946930871
5	0.9738476308781951	-0.9422223406686581
6	0.3349881501559051	-0.9422223406686581
7	-0.6118578909427189	-0.9422223406686581
8	-0.9961646088358407	-0.9422223406686581
9	0.9738476308781951	-0.7909677119144168
10	0.3349881501559051	-0.7909677119144168
11	-0.6118578909427189	-0.7909677119144168
12	-0.9961646088358407	-0.7909677119144168
13	0.9738476308781951	0.0874989834394464
14	0.3349881501559051	0.0874989834394464
15	-0.6118578909427189	0.0874989834394464
16	-0.9961646088358407	0.0874989834394464
1.9000000000000001	19
1	-99999	-99999
2	0.23924932921398198	-0.3232895668635036
3	-0.6877661591839741	-0.3232895668635036
4	-0.9824526126243325	-0.3232895668635036
5	0.9463000876874145	-0.9709581651495907
6	0.23924932921398198	-0.9709581651495907
7	-0.6877661591839741	-0.9709581651495907
8	-0.9824526126243325	-0.9709581651495907
9	0.9463000876874145	-0.7259323042001399
10	0.23924932921398198	-0.7259323042001399
11	-0.6877661591839741	-0.7259323042001399
12	-0.9824526126243325	-0.7259323042001399
13	0.9463000876874145	0.18651236942257576
14	0.23924932921398198	0.18651236942257576
15	-0.6877661591839741	0.18651236942257576
16	-0.9824526126243325	0.18651236942257576
2.0	20
1	-99999	-99999
2	0.1411200080598672	-0.4161468365471424
3	-0.7568024953079282	-0.4161468365471424
4	-0.9589242746631385	-0.4161468365471424
5	0.9092974268256817	-0.9899924966004454
6	0.1411200080598672	-0.9899924966004454
7	-0.7568024953079282	-0.9899924966004454
8	-0.9589242746631385	-0.9899924966004454
9	0.9092974268256817	-0.6536436208636119
10	0.1411200080598672	-0.6536436208636119
11	-0.7568024953079282	-0.6536436208636119
12	-0.9589242746631385	-0.6536436208636119
13	0.9092974268256817	0.28366218546322625
14	0.1411200080598672	0.28366218546322625
15	-0.7568024953079282	0.28366218546322625
16	-0.9589242746631385	0.28366218546322625
2.1	21
1	-99999	-99999
2	0.04158066243329049	-0.5048461045998576
3	-0.8182771110644103	-0.5048461045998576
4	-0.9258146823277325	-0.5048461045998576
5	0.8632093666488737	-0.9991351502732795
6	0.04158066243329049	-0.9991351502732795
7	-0.8182771110644103	-0.9991351502732795
8	-0.9258146823277325	-0.9991351502732795
9	0.8632093666488737	-0.5748239465332692
10	0.04158066243329049	-0.5748239465332692
11	-0.8182771110644103	-0.5748239465332692
12	-0.9258146823277325	-0.5748239465332692
13	0.8632093666488737	0.37797774271298024
14	0.04158066243329049	0.37797774271298024
15	-0.8182771110644103	0.37797774271298024
16	-0.9258146823277325	0.37797774271298024
2.2	22
1	-99999	-99999
2	-0.058374143427580086	-0.5885011172553458
3	-0.8715757724135882	-0.5885011172553458
4	-0.8834546557201531	-0.5885011172553458
5	0.8084964038195901	-0.9982947757947531
6	-0.058374143427580086	-0.9982947757947531
7	-0.8715757724135882	-0.9982947757947531
8	-0.8834546557201531	-0.9982947757947531
9	0.8084964038195901	-0.4902608213406994
10	-0.058374143427580086	-0.4902608213406994
11	-0.8715757724135882	-0.4902608213406994
12	-0.8834546557201531	-0.4902608213406994
13	0.8084964038195901	0.4685166713003771
14	-0.058374143427580086	0.4685166713003771
15	-0.8715757724135882	0.4685166713003771
16	-0.8834546557201531	0.4685166713003771
2.3000000000000003	23
1	-99999	-99999
2	-0.15774569414324865	-0.6662760212798244
3	-0.9161659367494552	-0.6662760212798244
4	-0.8322674422239008	-0.6662760212798244
5	0.74570521217672	-0.9874797699088649
6	-0.15774569414324865	-0.9874797699088649
7	-0.9161659367494552	-0.9874797699088649
8	-0.8322674422239008	-0.9874797699088649
9	0.74570521217672	-0.4007991720799746
10	-0.15774569414324865	-0.4007991720799746
11	-0.9161659367494552	-0.4007991720799746
12	-0.8322674422239008	-0.4007991720799746
13	0.74570521217672	0.5543743361791615
14	-0.15774569414324865	0.5543743361791615
15	-0.9161659367494552	0.5543743361791615
16	-0.8322674422239008	0.5543743361791615
2.4000000000000004	24
1	-99999	-99999
2	-0.25554110202683167	-0.7373937155412458
3	-0.951602073889516	-0.7373937155412458
4	-0.7727644875559871	-0.7373937155412458
5	0.6754631805511506	-0.9667981925794609
6	-0.25554110202683167	-0.9667981925794609
7	-0.951602073889516	-0.9667981925794609
8	-0.7727644875559871	-0.9667981925794609
9	0.6754631805511506	-0.30733286997841935
10	-0.25554110202683167	-0.30733286997841935
11	-0.951602073889516	-0.30733286997841935
12	-0.7727644875559871	-0.30733286997841935
13	0.6754631805511506	0.6346928759426347
14	-0.25554110202683167	0.6346928759426347
15	-0.951602073889516	0.6346928759426347
16	-0.7727644875559871	0.6346928759426347
2.5	25
1	-99999	-99999
2	-0.35078322768961984	-0.8011436155469337
3	-0.977530117665097	-0.8011436155469337
4	-0.7055403255703919	-0.8011436155469337
5	0.5984721441039565	-0.9364566872907963
6	-0.35078322768961984	-0.9364566872907963
7	-0.977530117665097	-0.9364566872907963
8	-0.7055403255703919	-0.9364566872907963
9	0.5984721441039565	-0.2107957994307797
10	-0.35078322768961984	-0.2107957994307797
11	-0.977530117665097	-0.2107957994307797
12	-0.7055403255703919	-0.2107957994307797
13	0.5984721441039565	0.70866977429126
14	-0.35078322768961984	0.70866977429126
15	-0.977530117665097	0.70866977429126
16	-0.7055403255703919	0.70866977429126
2.6	26
1	-99999	-99999
2	-0.44252044329485246	-0.8568887533689473
3	-0.9936910036334644	-0.8568887533689473
4	-0.6312666378723216	-0.8568887533689473
5	0.5155013718214642	-0.896758416334147
6	-0.44252044329485246	-0.896758416334147
7	-0.9936910036334644	-0.896758416334147
8	-0.6312666378723216	-0.896758416334147
9	0.5155013718214642	-0.11215252693505487
10	-0.44252044329485246	-0.11215252693505487
11	-0.9936910036334644	-0.11215252693505487
12	-0.6312666378723216	-0.11215252693505487
13	0.5155013718214642	0.7755658785102496
14	-0.44252044329485246	0.7755658785102496
15	-0.9936910036334644	0.7755658785102496
16	-0.6312666378723216	0.7755658785102496
2.7	27
1	-99999	-99999
2	-0.5298361409084934	-0.9040721420170612
3	-0.9999232575641008	-0.9040721420170612
4	-0.5506855425976376	-0.9040721420170612
5	0.4273798802338298	-0.848100031710408
6	-0.5298361409084934	-0.848100031710408
7	-0.9999232575641008	-0.848100031710408
8	-0.5506855425976376	-0.848100031710408
9	0.4273798802338298	-0.01238866346289056
10	-0.5298361409084934	-0.01238866346289056
11	-0.9999232575641008	-0.01238866346289056
12	-0.5506855425976376	-0.01238866346289056
13	0.4273798802338298	0.8347127848391598
14	-0.5298361409084934	0.8347127848391598
15	-0.9999232575641008	0.8347127848391598
16	-0.5506855425976376	0.8347127848391598
2.8000000000000003	28
1	-99999	-99999
2	-0.6118578909427193	-0.9422223406686583
3	-0.9961646088358406	-0.9422223406686583
4	-0.4646021794137566	-0.9422223406686583
5	0.33498815015590466	-0.7909677119144165
6	-0.6118578909427193	-0.7909677119144165
7	-0.9961646088358406	-0.7909677119144165
8	-0.4646021794137566	-0.7909677119144165
9	0.33498815015590466	0.08749898343944727
10	-0.6118578909427193	0.08749898343944727
11	-0.9961646088358406	0.08749898343944727
12	-0.4646021794137566	0.08749898343944727
13	0.33498815015590466	0.8855195169413194
14	-0.6118578909427193	0.8855195169413194
15	-0.9961646088358406	0.8855195169413194
16	-0.4646021794137566	0.8855195169413194
2.9000000000000004	29
1	-99999	-99999
2	-0.6877661591839741	-0.9709581651495907
3	-0.9824526126243325	-0.9709581651495907
4	-0.373876664830236	-0.9709581651495907
5	0.23924932921398198	-0.7259323042001399
6	-0.6877661591839741	-0.7259323042001399
7	-0.9824526126243325	-0.7259323042001399
8	-0.373876664830236	-0.7259323042001399
9	0.23924932921398198	0.18651236942257576
10	-0.6877661591839741	0.18651236942257576
11	-0.9824526126243325	0.18651236942257576
12	-0.373876664830236	0.18651236942257576
13	0.23924932921398198	0.9274784307440359
14	-0.6877661591839741	0.9274784307440359
15	-0.9824526126243325	0.9274784307440359
16	-0.373876664830236	0.9274784307440359
3.0	30
1	-99999	-99999
2	-0.7568024953079282	-0.9899924966004454
3	-0.9589242746631385	-0.9899924966004454
4	-0.27941549819892586	-0.9899924966004454
5	0.1411200080598672	-0.6536436208636119
6	-0.7568024953079282	-0.6536436208636119
7	-0.9589242746631385	-0.6536436208636119
8	-0.27941549819892586	-0.6536436208636119
9	0.1411200080598672	0.28366218546322625
10	-0.7568024953079282	0.28366218546322625
11	-0.9589242746631385	0.28366218546322625
12	-0.27941549819892586	0.28366218546322625
13	0.1411200080598672	0.960170286650366
14	-0.7568024953079282	0.960170286650366
15	-0.9589242746631385	0.960170286650366
16	-0.27941549819892586	0.960170286650366
3.1	31
1	-99999	-99999
2	-0.8182771110644103	-0.9991351502732795
3	-0.9258146823277325	-0.9991351502732795
4	-0.18216250427209588	-0.9991351502732795
5	0.04158066243329049	-0.5748239465332692
6	-0.8182771110644103	-0.5748239465332692
7	-0.9258146823277325	-0.5748239465332692
8	-0.18216250427209588	-0.5748239465332692
9	0.04158066243329049	0.37797774271298024
10	-0.8182771110644103	0.37797774271298024
11	-0.9258146823277325	0.37797774271298024
12	-0.18216250427209588	0.37797774271298024
13	0.04158066243329049	0.9832684384425845
14	-0.8182771110644103	0.9832684384425845
15	-0.9258146823277325	0.9832684384425845
16	-0.18216250427209588	0.9832684384425845
3.2	32
1	-99999	-99999
2	-0.8715757724135882	-0.9982947757947531
3	-0.8834546557201531	-0.9982947757947531
4	-0.0830894028174964	-0.9982947757947531
5	-0.058374143427580086	-0.4902608213406994
6	-0.8715757724135882	-0.4902608213406994
7	-0.8834546557201531	-0.4902608213406994
8	-0.0830894028174964	-0.4902608213406994
9	-0.058374143427580086	0.4685166713003771
10	-0.8715757724135882	0.4685166713003771
11	-0.8834546557201531	0.4685166713003771
12	-0.0830894028174964	0.4685166713003771
13	-0.058374143427580086	0.9965420970232175
14	-0.8715757724135882	0.9965420970232175
15	-0.8834546557201531	0.9965420970232175
16	-0.0830894028174964	0.9965420970232175
3.3000000000000003	33
1	-99999	-99999
2	-0.9161659367494552	-0.9874797699088649
3	-0.8322674422239008	-0.9874797699088649
4	0.0168139004843506	-0.9874797699088649
5	-0.15774569414324865	-0.4007991720799746
6	-0.9161659367494552	-0.4007991720799746
7	-0.8322674422239008	-0.4007991720799746
8	0.0168139004843506	-0.4007991720799746
9	-0.15774569414324865	0.5543743361791615
10	-0.9161659367494552	0.5543743361791615
11	-0.8322674422239008	0.5543743361791615
12	0.0168139004843506	0.5543743361791615
13	-0.15774569414324865	0.9998586363834151
14	-0.9161659367494552	0.9998586363834151
15	-0.8322674422239008	0.9998586363834151
16	0.0168139004843506	0.9998586363834151
3.4000000000000004	34
1	-99999	-99999
2	-0.951602073889516	-0.9667981925794609
3	-0.7727644875559871	-0.9667981925794609
4	0.11654920485049364	-0.9667981925794609
5	-0.25554110202683167	-0.30733286997841935
6	-0.951602073889516	-0.30733286997841935
7	-0.7727644875559871	-0.30733286997841935
8	0.11654920485049364	-0.30733286997841935
9	-0.25554110202683167	0.6346928759426347
10	-0.951602073889516	0.6346928759426347
11	-0.7727644875559871	0.6346928759426347
12	0.11654920485049364	0.6346928759426347
13	-0.25554110202683167	0.9931849187581926
14	-0.951602073889516	0.9931849187581926
15	-0.7727644875559871	0.9931849187581926
16	0.11654920485049364	0.9931849187581926
3.5	35
1	-99999	-99999
2	-0.977530117665097	-0.9364566872907963
3	-0.7055403255703919	-0.9364566872907963
4	0.21511998808781552	-0.9364566872907963
5	-0.35078322768961984	-0.2107957994307797
6	-0.977530117665097	-0.2107957994307797
7	-0.7055403255703919	-0.2107957994307797
8	0.21511998808781552	-0.2107957994307797
9	-0.35078322768961984	0.70866977429126
10	-0.977530117665097	0.70866977429126
11	-0.7055403255703919	0.70866977429126
12	0.21511998808781552	0.70866977429126
13	-0.35078322768961984	0.9765876257280235
14	-0.977530117665097	0.9765876257280235
15	-0.7055403255703919	0.9765876257280235
16	0.21511998808781552	0.9765876257280235
3.6	36
1	-99999	-99999
2	-0.9936910036334644	-0.896758416334147
3	-0.6312666378723216	-0.896758416334147
4	0.31154136351337786	-0.896758416334147
5	-0.44252044329485246	-0.11215252693505487
6	-0.9936910036334644	-0.11215252693505487
7	-0.6312666378723216	-0.11215252693505487
8	0.31154136351337786	-0.11215252693505487
9	-0.44252044329485246	0.7755658785102496
10	-0.9936910036334644	0.7755658785102496
11	-0.6312666378723216	0.7755658785102496
12	0.31154136351337786	0.7755658785102496
13	-0.44252044329485246	0.9502325919585296
14	-0.9936910036334644	0.9502325919585296
15	-0.6312666378723216	0.9502325919585296
16	0.31154136351337786	0.9502325919585296
3.7	37
1	-99999	-99999
2	-0.9999232575641008	-0.848100031710408
3	-0.5506855425976376	-0.848100031710408
4	0.4048499206165983	-0.848100031710408
5	-0.5298361409084934	-0.01238866346289056
6	-0.9999232575641008	-0.01238866346289056
7	-0.5506855425976376	-0.01238866346289056
8	0.4048499206165983	-0.01238866346289056
9	-0.5298361409084934	0.8347127848391598
10	-0.9999232575641008	0.8347127848391598
11	-0.5506855425976376	0.8347127848391598
12	0.4048499206165983	0.8347127848391598
13	-0.5298361409084934	0.9143831482353194
14	-0.9999232575641008	0.9143831482353194
15	-0.5506855425976376	0.9143831482353194
16	0.4048499206165983	0.9143831482353194
3.8000000000000003	38
1	-99999	-99999
2	-0.9961646088358406	-0.7909677119144165
3	-0.4646021794137566	-0.7909677119144165
4	0.49411335113860894	-0.7909677119144165
5	-0.6118578909427193	0.08749898343944727
6	-0.9961646088358406	0.08749898343944727
7	-0.4646021794137566	0.08749898343944727
8	0.49411335113860894	0.08749898343944727
9	-0.6118578909427193	0.8855195169413194
10	-0.9961646088358406	0.8855195169413194
11	-0.4646021794137566	0.8855195169413194
12	0.49411335113860894	0.8855195169413194
13	-0.6118578909427193	0.8693974903498248
14	-0.9961646088358406	0.8693974903498248
15	-0.4646021794137566	0.8693974903498248
16	0.49411335113860894	0.8693974903498248
3.9000000000000004	39
1	-99999	-99999
2	-0.9824526126243325	-0.7259323042001399
3	-0.373876664830236	-0.7259323042001399
4	0.5784397643882001	-0.7259323042001399
5	-0.6877661591839741	0.18651236942257576
6	-0.9824526126243325	0.18651236942257576
7	-0.373876664830236	0.18651236942257576
8	0.5784397643882001	0.18651236942257576
9	-0.6877661591839741	0.9274784307440359
10	-0.9824526126243325	0.9274784307440359
11	-0.373876664830236	0.9274784307440359
12	0.5784397643882001	0.9274784307440359
13	-0.6877661591839741	0.8157251001253568
14	-0.9824526126243325	0.8157251001253568
15	-0.373876664830236	0.8157251001253568
16	0.5784397643882001	0.8157251001253568
4.0	40
1	-99999	-99999
2	-0.9589242746631385	-0.6536436208636119
3	-0.27941549819892586	-0.6536436208636119
4	0.6569865987187891	-0.6536436208636119
5	-0.7568024953079282	0.28366218546322625
6	-0.9589242746631385	0.28366218546322625
7	-0.27941549819892586	0.28366218546322625
8	0.6569865987187891	0.28366218546322625
9	-0.7568024953079282	0.960170286650366
10	-0.9589242746631385	0.960170286650366
11	-0.27941549819892586	0.960170286650366
12	0.6569865987187891	0.960170286650366
13	-0.7568024953079282	0.7539022543433046
14	-0.9589242746631385	0.7539022543433046
15	-0.27941549819892586	0.7539022543433046
16	0.6569865987187891	0.7539022543433046
4.1000000000000005	41
1	-99999	-99999
2	-0.9258146823277321	-0.5748239465332685
3	-0.18216250427209502	-0.5748239465332685
4	0.7289690401258765	-0.5748239465332685
5	-0.8182771110644108	0.37797774271298107
6	-0.9258146823277321	0.37797774271298107
7	-0.18216250427209502	0.37797774271298107
8	0.7289690401258765	0.37797774271298107
9	-0.8182771110644108	0.9832684384425847
10	-0.9258146823277321	0.9832684384425847
11	-0.18216250427209502	0.9832684384425847
12	0.7289690401258765	0.9832684384425847
13	-0.8182771110644108	0.6845466664428059
14	-0.9258146823277321	0.6845466664428059
15	-0.18216250427209502	0.6845466664428059
16	0.7289690401258765	0.6845466664428059
4.2	42
1	-99999	-99999
2	-0.8834546557201531	-0.4902608213406994
3	-0.0830894028174964	-0.4902608213406994
4	0.7936678638491531	-0.4902608213406994
5	-0.8715757724135882	0.4685166713003771
6	-0.8834546557201531	0.4685166713003771
7	-0.0830894028174964	0.4685166713003771
8	0.7936678638491531	0.4685166713003771
9	-0.8715757724135882	0.9965420970232175
10	-0.8834546557201531	0.9965420970232175
11	-0.0830894028174964	0.9965420970232175
12	0.7936678638491531	0.9965420970232175
13	-0.8715757724135882	0.6083513145322546
14	-0.8834546557201531	0.6083513145322546
15	-0.0830894028174964	0.6083513145322546
16	0.7936678638491531	0.6083513145322546
4.3	43
1	-99999	-99999
2	-0.8322674422239013	-0.40079917207997545
3	0.016813900484349713	-0.40079917207997545
4	0.8504366206285644	-0.40079917207997545
5	-0.9161659367494549	0.5543743361791608
6	-0.8322674422239013	0.5543743361791608
7	0.016813900484349713	0.5543743361791608
8	0.8504366206285644	0.5543743361791608
9	-0.9161659367494549	0.9998586363834151
10	-0.8322674422239013	0.9998586363834151
11	0.016813900484349713	0.9998586363834151
12	0.8504366206285644	0.9998586363834151
13	-0.9161659367494549	0.5260775173811053
14	-0.8322674422239013	0.5260775173811053
15	0.016813900484349713	0.5260775173811053
16	0.8504366206285644	0.5260775173811053
4.4	44
1	-99999	-99999
2	-0.7727644875559871	-0.30733286997841935
3	0.11654920485049364	-0.30733286997841935
4	0.8987080958116269	-0.30733286997841935
5	-0.951602073889516	0.6346928759426347
6	-0.7727644875559871	0.6346928759426347
7	0.11654920485049364	0.6346928759426347
8	0.8987080958116269	0.6346928759426347
9	-0.951602073889516	0.9931849187581926
10	-0.7727644875559871	0.9931849187581926
11	0.11654920485049364	0.9931849187581926
12	0.8987080958116269	0.9931849187581926
13	-0.951602073889516	0.43854732757439036
14	-0.7727644875559871	0.43854732757439036
15	0.11654920485049364	0.43854732757439036
16	0.8987080958116269	0.43854732757439036
4.5	45
1	-99999	-99999
2	-0.7055403255703919	-0.2107957994307797
3	0.21511998808781552	-0.2107957994307797
4	0.9379999767747389	-0.2107957994307797
5	-0.977530117665097	0.70866977429126
6	-0.7055403255703919	0.70866977429126
7	0.21511998808781552	0.70866977429126
8	0.9379999767747389	0.70866977429126
9	-0.977530117665097	0.9765876257280235
10	-0.7055403255703919	0.9765876257280235
11	0.21511998808781552	0.9765876257280235
12	0.9379999767747389	0.9765876257280235
13	-0.977530117665097	0.3466353178350258
14	-0.7055403255703919	0.3466353178350258
15	0.21511998808781552	0.3466353178350258
16	0.9379999767747389	0.3466353178350258
4.6000000000000005	46
1	-99999	-99999
2	-0.6312666378723208	-0.11215252693505398
3	0.3115413635133787	-0.11215252693505398
4	0.9679196720314865	-0.11215252693505398
5	-0.9936910036334645	0.7755658785102502
6	-0.6312666378723208	0.7755658785102502
7	0.3115413635133787	0.7755658785102502
8	0.9679196720314865	0.7755658785102502
9	-0.9936910036334645	0.9502325919585293
10	-0.6312666378723208	0.9502325919585293
11	0.3115413635133787	0.9502325919585293
12	0.9679196720314865	0.9502325919585293
13	-0.9936910036334645	0.25125984258225487
14	-0.6312666378723208	0.25125984258225487
15	0.3115413635133787	0.25125984258225487
16	0.9679196720314865	0.25125984258225487
4.7	47
1	-99999	-99999
2	-0.5506855425976376	-0.01238866346289056
3	0.4048499206165983	-0.01238866346289056
4	0.9881682338770004	-0.01238866346289056
5	-0.9999232575641008	0.8347127848391598
6	-0.5506855425976376	0.8347127848391598
7	0.4048499206165983	0.8347127848391598
8	0.9881682338770004	0.8347127848391598
9	-0.9999232575641008	0.9143831482353194
10	-0.5506855425976376	0.9143831482353194
11	0.4048499206165983	0.9143831482353194
12	0.9881682338770004	0.9143831482353194
13	-0.9999232575641008	0.15337386203786435
14	-0.5506855425976376	0.15337386203786435
15	0.4048499206165983	0.15337386203786435
16	0.9881682338770004	0.15337386203786435
4.800000000000001	48
1	-99999	-99999
2	-0.4646021794137566	0.08749898343944727
3	0.49411335113860894	0.08749898343944727
4	0.998543345374605	0.08749898343944727
5	-0.9961646088358406	0.8855195169413194
6	-0.4646021794137566	0.8855195169413194
7	0.49411335113860894	0.8855195169413194
8	0.998543345374605	0.8855195169413194
9	-0.9961646088358406	0.8693974903498248
10	-0.4646021794137566	0.8693974903498248
11	0.49411335113860894	0.8693974903498248
12	0.998543345374605	0.8693974903498248
13	-0.9961646088358406	0.05395542056264886
14	-0.4646021794137566	0.05395542056264886
15	0.49411335113860894	0.05395542056264886
16	0.998543345374605	0.05395542056264886
4.9	49
1	-99999	-99999
2	-0.373876664830236	0.18651236942257576
3	0.5784397643882001	0.18651236942257576
4	0.998941341839772	0.18651236942257576
5	-0.9824526126243325	0.9274784307440359
6	-0.373876664830236	0.9274784307440359
7	0.5784397643882001	0.9274784307440359
8	0.998941341839772	0.9274784307440359
9	-0.9824526126243325	0.8157251001253568
10	-0.373876664830236	0.8157251001253568
11	0.5784397643882001	0.8157251001253568
12	0.998941341839772	0.8157251001253568
13	-0.9824526126243325	-0.04600212563953695
14	-0.373876664830236	-0.04600212563953695
15	0.5784397643882001	-0.04600212563953695
16	0.998941341839772	-0.04600212563953695
