Red Test Mesh
50 4 0.1 1 1
0.0	0
1	-99999
2	0.5984721441039565
3	-0.35078322768961984
4	-0.35078322768961984
0.1	1
1	-99999
2	0.5155013718214642
3	-0.44252044329485246
4	-0.44252044329485246
0.2	2
1	-99999
2	0.4273798802338298
3	-0.5298361409084934
4	-0.5298361409084934
0.30000000000000004	3
1	-99999
2	0.3349881501559051
3	-0.6118578909427189
4	-0.6118578909427189
0.4	4
1	-99999
2	0.23924932921398243
3	-0.6877661591839738
4	-0.6877661591839738
0.5	5
1	-99999
2	0.1411200080598672
3	-0.7568024953079282
4	-0.7568024953079282
0.6000000000000001	6
1	-99999
2	0.04158066243329049
3	-0.8182771110644103
4	-0.8182771110644103
0.7000000000000001	7
1	-99999
2	-0.058374143427580086
3	-0.8715757724135882
4	-0.8715757724135882
0.8	8
1	-99999
2	-0.1577456941432482
3	-0.9161659367494549
4	-0.9161659367494549
0.9	9
1	-99999
2	-0.2555411020268312
3	-0.951602073889516
4	-0.951602073889516
1.0	10
1	-99999
2	-0.35078322768961984
3	-0.977530117665097
4	-0.977530117665097
1.1	11
1	-99999
2	-0.44252044329485246
3	-0.9936910036334644
4	-0.9936910036334644
1.2000000000000002	12
1	-99999
2	-0.5298361409084934
3	-0.9999232575641008
4	-0.9999232575641008
1.3	13
1	-99999
2	-0.6118578909427189
3	-0.9961646088358407
4	-0.9961646088358407
1.4000000000000001	14
1	-99999
2	-0.6877661591839741
3	-0.9824526126243325
4	-0.9824526126243325
1.5	15
1	-99999
2	-0.7568024953079282
3	-0.9589242746631385
4	-0.9589242746631385
1.6	16
1	-99999
2	-0.8182771110644103
3	-0.9258146823277325
4	-0.9258146823277325
1.7000000000000002	17
1	-99999
2	-0.8715757724135882
3	-0.8834546557201531
4	-0.8834546557201531
1.8	18
1	-99999
2	-0.9161659367494549
3	-0.8322674422239013
4	-0.8322674422239013
1.9000000000000001	19
1	-99999
2	-0.951602073889516
3	-0.7727644875559871
4	-0.7727644875559871
2.0	20
1	-99999
2	-0.977530117665097
3	-0.7055403255703919
4	-0.7055403255703919
2.1	21
1	-99999
2	-0.9936910036334644
3	-0.6312666378723216
4	-0.6312666378723216
2.2	22
1	-99999
2	-0.9999232575641008
3	-0.5506855425976376
4	-0.5506855425976376
2.3000000000000003	23
1	-99999
2	-0.9961646088358406
3	-0.4646021794137566
4	-0.4646021794137566
2.4000000000000004	24
1	-99999
2	-0.9824526126243325
3	-0.373876664830236
4	-0.373876664830236
2.5	25
1	-99999
2	-0.9589242746631385
3	-0.27941549819892586
4	-0.27941549819892586
2.6	26
1	-99999
2	-0.9258146823277325
3	-0.18216250427209588
4	-0.18216250427209588
2.7	27
1	-99999
2	-0.8834546557201531
3	-0.0830894028174964
4	-0.0830894028174964
2.8000000000000003	28
1	-99999
2	-0.8322674422239008
3	0.0168139004843506
4	0.0168139004843506
2.9000000000000004	29
1	-99999
2	-0.7727644875559871
3	0.11654920485049364
4	0.11654920485049364
3.0	30
1	-99999
2	-0.7055403255703919
3	0.21511998808781552
4	0.21511998808781552
3.1	31
1	-99999
2	-0.6312666378723216
3	0.31154136351337786
4	0.31154136351337786
3.2	32
1	-99999
2	-0.5506855425976376
3	0.4048499206165983
4	0.4048499206165983
3.3000000000000003	33
1	-99999
2	-0.4646021794137566
3	0.49411335113860894
4	0.49411335113860894
3.4000000000000004	34
1	-99999
2	-0.373876664830236
3	0.5784397643882001
4	0.5784397643882001
3.5	35
1	-99999
2	-0.27941549819892586
3	0.6569865987187891
4	0.6569865987187891
3.6	36
1	-99999
2	-0.18216250427209588
3	0.7289690401258759
4	0.7289690401258759
3.7	37
1	-99999
2	-0.0830894028174964
3	0.7936678638491531
4	0.7936678638491531
3.8000000000000003	38
1	-99999
2	0.0168139004843506
3	0.8504366206285648
4	0.8504366206285648
3.9000000000000004	39
1	-99999
2	0.11654920485049364
3	0.8987080958116269
4	0.8987080958116269
4.0	40
1	-99999
2	0.21511998808781552
3	0.9379999767747389
4	0.9379999767747389
4.1000000000000005	41
1	-99999
2	0.3115413635133787
3	0.9679196720314865
4	0.9679196720314865
4.2	42
1	-99999
2	0.4048499206165983
3	0.9881682338770004
4	0.9881682338770004
4.3	43
1	-99999
2	0.49411335113860816
3	0.998543345374605
4	0.998543345374605
4.4	44
1	-99999
2	0.5784397643882001
3	0.998941341839772
4	0.998941341839772
4.5	45
1	-99999
2	0.6569865987187891
3	0.9893582466233818
4	0.9893582466233818
4.6000000000000005	46
1	-99999
2	0.7289690401258765
3	0.9698898108450859
4	0.9698898108450859
4.7	47
1	-99999
2	0.7936678638491531
3	0.9407305566797731
4	0.9407305566797731
4.800000000000001	48
1	-99999
2	0.8504366206285648
3	0.9021718337562933
4	0.9021718337562933
4.9	49
1	-99999
2	0.8987080958116269
3	0.8545989080882804
4	0.8545989080882804
