Red Test Mesh
50 4 0.1 1 2
0.0	0
1	0.9974949866040544	0.5403023058681398
2	0.8414709848078965	0.0707372016677029
3	0.9092974268256817	0.0707372016677029
4	0.9974949866040544	-0.4161468365471424
0.1	1
1	0.9995736030415051	0.4535961214255773
2	0.8912073600614354	-0.029199522301288815
3	0.8632093666488737	-0.029199522301288815
4	0.9995736030415051	-0.5048461045998576
0.2	2
1	0.9916648104524686	0.3623577544766736
2	0.9320390859672263	-0.12884449429552464
3	0.8084964038195901	-0.12884449429552464
4	0.9916648104524686	-0.5885011172553458
0.30000000000000004	3
1	0.9738476308781951	0.26749882862458735
2	0.963558185417193	-0.2272020946930871
3	0.7457052121767203	-0.2272020946930871
4	0.9738476308781951	-0.6662760212798241
0.4	4
1	0.9463000876874145	0.16996714290024104
2	0.9854497299884601	-0.32328956686350335
3	0.675463180551151	-0.32328956686350335
4	0.9463000876874145	-0.7373937155412454
0.5	5
1	0.9092974268256817	0.0707372016677029
2	0.9974949866040544	-0.4161468365471424
3	0.5984721441039565	-0.4161468365471424
4	0.9092974268256817	-0.8011436155469337
0.6000000000000001	6
1	0.8632093666488737	-0.029199522301288815
2	0.9995736030415051	-0.5048461045998576
3	0.5155013718214642	-0.5048461045998576
4	0.8632093666488737	-0.8568887533689473
0.7000000000000001	7
1	0.8084964038195901	-0.12884449429552486
2	0.9916648104524686	-0.5885011172553458
3	0.4273798802338298	-0.5885011172553458
4	0.8084964038195901	-0.9040721420170612
0.8	8
1	0.7457052121767203	-0.2272020946930871
2	0.9738476308781951	-0.6662760212798241
3	0.3349881501559051	-0.6662760212798241
4	0.7457052121767203	-0.9422223406686581
0.9	9
1	0.675463180551151	-0.32328956686350335
2	0.9463000876874145	-0.7373937155412454
3	0.23924932921398243	-0.7373937155412454
4	0.675463180551151	-0.9709581651495905
1.0	10
1	0.5984721441039565	-0.4161468365471424
2	0.9092974268256817	-0.8011436155469337
3	0.1411200080598672	-0.8011436155469337
4	0.5984721441039565	-0.9899924966004454
1.1	11
1	0.5155013718214642	-0.5048461045998576
2	0.8632093666488737	-0.8568887533689473
3	0.04158066243329049	-0.8568887533689473
4	0.5155013718214642	-0.9991351502732795
1.2000000000000002	12
1	0.4273798802338298	-0.5885011172553458
2	0.8084964038195901	-0.9040721420170612
3	-0.058374143427580086	-0.9040721420170612
4	0.4273798802338298	-0.9982947757947531
1.3	13
1	0.3349881501559051	-0.6662760212798241
2	0.7457052121767203	-0.9422223406686581
3	-0.1577456941432482	-0.9422223406686581
4	0.3349881501559051	-0.9874797699088649
1.4000000000000001	14
1	0.23924932921398198	-0.7373937155412458
2	0.6754631805511506	-0.9709581651495907
3	-0.25554110202683167	-0.9709581651495907
4	0.23924932921398198	-0.9667981925794609
1.5	15
1	0.1411200080598672	-0.8011436155469337
2	0.5984721441039565	-0.9899924966004454
3	-0.35078322768961984	-0.9899924966004454
4	0.1411200080598672	-0.9364566872907963
1.6	16
1	0.04158066243329049	-0.8568887533689473
2	0.5155013718214642	-0.9991351502732795
3	-0.44252044329485246	-0.9991351502732795
4	0.04158066243329049	-0.896758416334147
1.7000000000000002	17
1	-0.058374143427580086	-0.9040721420170612
2	0.4273798802338298	-0.9982947757947531
3	-0.5298361409084934	-0.9982947757947531
4	-0.058374143427580086	-0.848100031710408
1.8	18
1	-0.1577456941432482	-0.9422223406686581
2	0.3349881501559051	-0.9874797699088649
3	-0.6118578909427189	-0.9874797699088649
4	-0.1577456941432482	-0.7909677119144168
1.9000000000000001	19
1	-0.25554110202683167	-0.9709581651495907
2	0.23924932921398198	-0.9667981925794609
3	-0.6877661591839741	-0.9667981925794609
4	-0.25554110202683167	-0.7259323042001399
2.0	20
1	-0.35078322768961984	-0.9899924966004454
2	0.1411200080598672	-0.9364566872907963
3	-0.7568024953079282	-0.9364566872907963
4	-0.35078322768961984	-0.6536436208636119
2.1	21
1	-0.44252044329485246	-0.9991351502732795
2	0.04158066243329049	-0.896758416334147
3	-0.8182771110644103	-0.896758416334147
4	-0.44252044329485246	-0.5748239465332692
2.2	22
1	-0.5298361409084934	-0.9982947757947531
2	-0.058374143427580086	-0.848100031710408
3	-0.8715757724135882	-0.848100031710408
4	-0.5298361409084934	-0.4902608213406994
2.3000000000000003	23
1	-0.6118578909427193	-0.9874797699088649
2	-0.15774569414324865	-0.7909677119144165
3	-0.9161659367494552	-0.7909677119144165
4	-0.6118578909427193	-0.4007991720799746
2.4000000000000004	24
1	-0.6877661591839741	-0.9667981925794609
2	-0.25554110202683167	-0.7259323042001399
3	-0.951602073889516	-0.7259323042001399
4	-0.6877661591839741	-0.30733286997841935
2.5	25
1	-0.7568024953079282	-0.9364566872907963
2	-0.35078322768961984	-0.6536436208636119
3	-0.977530117665097	-0.6536436208636119
4	-0.7568024953079282	-0.2107957994307797
2.6	26
1	-0.8182771110644103	-0.896758416334147
2	-0.44252044329485246	-0.5748239465332692
3	-0.9936910036334644	-0.5748239465332692
4	-0.8182771110644103	-0.11215252693505487
2.7	27
1	-0.8715757724135882	-0.848100031710408
2	-0.5298361409084934	-0.4902608213406994
3	-0.9999232575641008	-0.4902608213406994
4	-0.8715757724135882	-0.01238866346289056
2.8000000000000003	28
1	-0.9161659367494552	-0.7909677119144165
2	-0.6118578909427193	-0.4007991720799746
3	-0.9961646088358406	-0.4007991720799746
4	-0.9161659367494552	0.08749898343944727
2.9000000000000004	29
1	-0.951602073889516	-0.7259323042001399
2	-0.6877661591839741	-0.30733286997841935
3	-0.9824526126243325	-0.30733286997841935
4	-0.951602073889516	0.18651236942257576
3.0	30
1	-0.977530117665097	-0.6536436208636119
2	-0.7568024953079282	-0.2107957994307797
3	-0.9589242746631385	-0.2107957994307797
4	-0.977530117665097	0.28366218546322625
3.1	31
1	-0.9936910036334644	-0.5748239465332692
2	-0.8182771110644103	-0.11215252693505487
3	-0.9258146823277325	-0.11215252693505487
4	-0.9936910036334644	0.37797774271298024
3.2	32
1	-0.9999232575641008	-0.4902608213406994
2	-0.8715757724135882	-0.01238866346289056
3	-0.8834546557201531	-0.01238866346289056
4	-0.9999232575641008	0.4685166713003771
3.3000000000000003	33
1	-0.9961646088358406	-0.4007991720799746
2	-0.9161659367494552	0.08749898343944727
3	-0.8322674422239008	0.08749898343944727
4	-0.9961646088358406	0.5543743361791615
3.4000000000000004	34
1	-0.9824526126243325	-0.30733286997841935
2	-0.951602073889516	0.18651236942257576
3	-0.7727644875559871	0.18651236942257576
4	-0.9824526126243325	0.6346928759426347
3.5	35
1	-0.9589242746631385	-0.2107957994307797
2	-0.977530117665097	0.28366218546322625
3	-0.7055403255703919	0.28366218546322625
4	-0.9589242746631385	0.70866977429126
3.6	36
1	-0.9258146823277325	-0.11215252693505487
2	-0.9936910036334644	0.37797774271298024
3	-0.6312666378723216	0.37797774271298024
4	-0.9258146823277325	0.7755658785102496
3.7	37
1	-0.8834546557201531	-0.01238866346289056
2	-0.9999232575641008	0.4685166713003771
3	-0.5506855425976376	0.4685166713003771
4	-0.8834546557201531	0.8347127848391598
3.8000000000000003	38
1	-0.8322674422239008	0.08749898343944727
2	-0.9961646088358406	0.5543743361791615
3	-0.4646021794137566	0.5543743361791615
4	-0.8322674422239008	0.8855195169413194
3.9000000000000004	39
1	-0.7727644875559871	0.18651236942257576
2	-0.9824526126243325	0.6346928759426347
3	-0.373876664830236	0.6346928759426347
4	-0.7727644875559871	0.9274784307440359
4.0	40
1	-0.7055403255703919	0.28366218546322625
2	-0.9589242746631385	0.70866977429126
3	-0.27941549819892586	0.70866977429126
4	-0.7055403255703919	0.960170286650366
4.1000000000000005	41
1	-0.6312666378723208	0.37797774271298107
2	-0.9258146823277321	0.7755658785102502
3	-0.18216250427209502	0.7755658785102502
4	-0.6312666378723208	0.9832684384425847
4.2	42
1	-0.5506855425976376	0.4685166713003771
2	-0.8834546557201531	0.8347127848391598
3	-0.0830894028174964	0.8347127848391598
4	-0.5506855425976376	0.9965420970232175
4.3	43
1	-0.46460217941375737	0.5543743361791608
2	-0.8322674422239013	0.8855195169413189
3	0.016813900484349713	0.8855195169413189
4	-0.46460217941375737	0.9998586363834151
4.4	44
1	-0.373876664830236	0.6346928759426347
2	-0.7727644875559871	0.9274784307440359
3	0.11654920485049364	0.9274784307440359
4	-0.373876664830236	0.9931849187581926
4.5	45
1	-0.27941549819892586	0.70866977429126
2	-0.7055403255703919	0.960170286650366
3	0.21511998808781552	0.960170286650366
4	-0.27941549819892586	0.9765876257280235
4.6000000000000005	46
1	-0.18216250427209502	0.7755658785102502
2	-0.6312666378723208	0.9832684384425847
3	0.3115413635133787	0.9832684384425847
4	-0.18216250427209502	0.9502325919585293
4.7	47
1	-0.0830894028174964	0.8347127848391598
2	-0.5506855425976376	0.9965420970232175
3	0.4048499206165983	0.9965420970232175
4	-0.0830894028174964	0.9143831482353194
4.800000000000001	48
1	0.0168139004843506	0.8855195169413194
2	-0.4646021794137566	0.9998586363834151
3	0.49411335113860894	0.9998586363834151
4	0.0168139004843506	0.8693974903498248
4.9	49
1	0.11654920485049364	0.9274784307440359
2	-0.373876664830236	0.9931849187581926
3	0.5784397643882001	0.9931849187581926
4	0.11654920485049364	0.8157251001253568
