Blue Test Mesh
50 9 0.1 1 2
0.0	0
1	0.479425538604203	0.8775825618903728
2	0.9974949866040544	0.8775825618903728
3	0.5984721441039565	0.8775825618903728
4	0.479425538604203	0.0707372016677029
5	0.9974949866040544	0.0707372016677029
6	0.5984721441039565	0.0707372016677029
7	0.479425538604203	-0.8011436155469337
8	0.9974949866040544	-0.8011436155469337
9	0.5984721441039565	-0.8011436155469337
0.1	1
1	0.5646424733950354	0.8253356149096783
2	0.9995736030415051	0.8253356149096783
3	0.5155013718214642	0.8253356149096783
4	0.5646424733950354	-0.029199522301288815
5	0.9995736030415051	-0.029199522301288815
6	0.5155013718214642	-0.029199522301288815
7	0.5646424733950354	-0.8568887533689473
8	0.9995736030415051	-0.8568887533689473
9	0.5155013718214642	-0.8568887533689473
0.2	2
1	0.644217687237691	0.7648421872844885
2	0.9916648104524686	0.7648421872844885
3	0.4273798802338298	0.7648421872844885
4	0.644217687237691	-0.12884449429552464
5	0.9916648104524686	-0.12884449429552464
6	0.4273798802338298	-0.12884449429552464
7	0.644217687237691	-0.9040721420170612
8	0.9916648104524686	-0.9040721420170612
9	0.4273798802338298	-0.9040721420170612
0.30000000000000004	3
1	0.7173560908995228	0.6967067093471654
2	0.9738476308781951	0.6967067093471654
3	0.3349881501559051	0.6967067093471654
4	0.7173560908995228	-0.2272020946930871
5	0.9738476308781951	-0.2272020946930871
6	0.3349881501559051	-0.2272020946930871
7	0.7173560908995228	-0.9422223406686581
8	0.9738476308781951	-0.9422223406686581
9	0.3349881501559051	-0.9422223406686581
0.4	4
1	0.7833269096274834	0.6216099682706644
2	0.9463000876874145	0.6216099682706644
3	0.23924932921398243	0.6216099682706644
4	0.7833269096274834	-0.32328956686350335
5	0.9463000876874145	-0.32328956686350335
6	0.23924932921398243	-0.32328956686350335
7	0.7833269096274834	-0.9709581651495905
8	0.9463000876874145	-0.9709581651495905
9	0.23924932921398243	-0.9709581651495905
0.5	5
1	0.8414709848078965	0.5403023058681398
2	0.9092974268256817	0.5403023058681398
3	0.1411200080598672	0.5403023058681398
4	0.8414709848078965	-0.4161468365471424
5	0.9092974268256817	-0.4161468365471424
6	0.1411200080598672	-0.4161468365471424
7	0.8414709848078965	-0.9899924966004454
8	0.9092974268256817	-0.9899924966004454
9	0.1411200080598672	-0.9899924966004454
0.6000000000000001	6
1	0.8912073600614354	0.4535961214255773
2	0.8632093666488737	0.4535961214255773
3	0.04158066243329049	0.4535961214255773
4	0.8912073600614354	-0.5048461045998576
5	0.8632093666488737	-0.5048461045998576
6	0.04158066243329049	-0.5048461045998576
7	0.8912073600614354	-0.9991351502732795
8	0.8632093666488737	-0.9991351502732795
9	0.04158066243329049	-0.9991351502732795
0.7000000000000001	7
1	0.9320390859672264	0.3623577544766734
2	0.8084964038195901	0.3623577544766734
3	-0.058374143427580086	0.3623577544766734
4	0.9320390859672264	-0.5885011172553458
5	0.8084964038195901	-0.5885011172553458
6	-0.058374143427580086	-0.5885011172553458
7	0.9320390859672264	-0.9982947757947531
8	0.8084964038195901	-0.9982947757947531
9	-0.058374143427580086	-0.9982947757947531
0.8	8
1	0.963558185417193	0.26749882862458735
2	0.7457052121767203	0.26749882862458735
3	-0.1577456941432482	0.26749882862458735
4	0.963558185417193	-0.6662760212798241
5	0.7457052121767203	-0.6662760212798241
6	-0.1577456941432482	-0.6662760212798241
7	0.963558185417193	-0.9874797699088649
8	0.7457052121767203	-0.9874797699088649
9	-0.1577456941432482	-0.9874797699088649
0.9	9
1	0.9854497299884601	0.16996714290024104
2	0.675463180551151	0.16996714290024104
3	-0.2555411020268312	0.16996714290024104
4	0.9854497299884601	-0.7373937155412454
5	0.675463180551151	-0.7373937155412454
6	-0.2555411020268312	-0.7373937155412454
7	0.9854497299884601	-0.9667981925794611
8	0.675463180551151	-0.9667981925794611
9	-0.2555411020268312	-0.9667981925794611
1.0	10
1	0.9974949866040544	0.0707372016677029
2	0.5984721441039565	0.0707372016677029
3	-0.35078322768961984	0.0707372016677029
4	0.9974949866040544	-0.8011436155469337
5	0.5984721441039565	-0.8011436155469337
6	-0.35078322768961984	-0.8011436155469337
7	0.9974949866040544	-0.9364566872907963
8	0.5984721441039565	-0.9364566872907963
9	-0.35078322768961984	-0.9364566872907963
1.1	11
1	0.9995736030415051	-0.029199522301288815
2	0.5155013718214642	-0.029199522301288815
3	-0.44252044329485246	-0.029199522301288815
4	0.9995736030415051	-0.8568887533689473
5	0.5155013718214642	-0.8568887533689473
6	-0.44252044329485246	-0.8568887533689473
7	0.9995736030415051	-0.896758416334147
8	0.5155013718214642	-0.896758416334147
9	-0.44252044329485246	-0.896758416334147
1.2000000000000002	12
1	0.9916648104524686	-0.12884449429552486
2	0.4273798802338298	-0.12884449429552486
3	-0.5298361409084934	-0.12884449429552486
4	0.9916648104524686	-0.9040721420170612
5	0.4273798802338298	-0.9040721420170612
6	-0.5298361409084934	-0.9040721420170612
7	0.9916648104524686	-0.848100031710408
8	0.4273798802338298	-0.848100031710408
9	-0.5298361409084934	-0.848100031710408
1.3	13
1	0.9738476308781951	-0.2272020946930871
2	0.3349881501559051	-0.2272020946930871
3	-0.6118578909427189	-0.2272020946930871
4	0.9738476308781951	-0.9422223406686581
5	0.3349881501559051	-0.9422223406686581
6	-0.6118578909427189	-0.9422223406686581
7	0.9738476308781951	-0.7909677119144168
8	0.3349881501559051	-0.7909677119144168
9	-0.6118578909427189	-0.7909677119144168
1.4000000000000001	14
1	0.9463000876874145	-0.3232895668635036
2	0.23924932921398198	-0.3232895668635036
3	-0.6877661591839741	-0.3232895668635036
4	0.9463000876874145	-0.9709581651495907
5	0.23924932921398198	-0.9709581651495907
6	-0.6877661591839741	-0.9709581651495907
7	0.9463000876874145	-0.7259323042001399
8	0.23924932921398198	-0.7259323042001399
9	-0.6877661591839741	-0.7259323042001399
1.5	15
1	0.9092974268256817	-0.4161468365471424
2	0.1411200080598672	-0.4161468365471424
3	-0.7568024953079282	-0.4161468365471424
4	0.9092974268256817	-0.9899924966004454
5	0.1411200080598672	-0.9899924966004454
6	-0.7568024953079282	-0.9899924966004454
7	0.9092974268256817	-0.6536436208636119
8	0.1411200080598672	-0.6536436208636119
9	-0.7568024953079282	-0.6536436208636119
1.6	16
1	0.8632093666488737	-0.5048461045998576
2	0.04158066243329049	-0.5048461045998576
3	-0.8182771110644103	-0.5048461045998576
4	0.8632093666488737	-0.9991351502732795
5	0.04158066243329049	-0.9991351502732795
6	-0.8182771110644103	-0.9991351502732795
7	0.8632093666488737	-0.5748239465332692
8	0.04158066243329049	-0.5748239465332692
9	-0.8182771110644103	-0.5748239465332692
1.7000000000000002	17
1	0.8084964038195901	-0.5885011172553458
2	-0.058374143427580086	-0.5885011172553458
3	-0.8715757724135882	-0.5885011172553458
4	0.8084964038195901	-0.9982947757947531
5	-0.058374143427580086	-0.9982947757947531
6	-0.8715757724135882	-0.9982947757947531
7	0.8084964038195901	-0.4902608213406994
8	-0.058374143427580086	-0.4902608213406994
9	-0.8715757724135882	-0.4902608213406994
1.8	18
1	0.7457052121767203	-0.6662760212798241
2	-0.1577456941432482	-0.6662760212798241
3	-0.9161659367494549	-0.6662760212798241
4	0.7457052121767203	-0.9874797699088649
5	-0.1577456941432482	-0.9874797699088649
6	-0.9161659367494549	-0.9874797699088649
7	0.7457052121767203	-0.40079917207997545
8	-0.1577456941432482	-0.40079917207997545
9	-0.9161659367494549	-0.40079917207997545
1.9000000000000001	19
1	0.6754631805511506	-0.7373937155412458
2	-0.25554110202683167	-0.7373937155412458
3	-0.951602073889516	-0.7373937155412458
4	0.6754631805511506	-0.9667981925794609
5	-0.25554110202683167	-0.9667981925794609
6	-0.951602073889516	-0.9667981925794609
7	0.6754631805511506	-0.30733286997841935
8	-0.25554110202683167	-0.30733286997841935
9	-0.951602073889516	-0.30733286997841935
2.0	20
1	0.5984721441039565	-0.8011436155469337
2	-0.35078322768961984	-0.8011436155469337
3	-0.977530117665097	-0.8011436155469337
4	0.5984721441039565	-0.9364566872907963
5	-0.35078322768961984	-0.9364566872907963
6	-0.977530117665097	-0.9364566872907963
7	0.5984721441039565	-0.2107957994307797
8	-0.35078322768961984	-0.2107957994307797
9	-0.977530117665097	-0.2107957994307797
2.1	21
1	0.5155013718214642	-0.8568887533689473
2	-0.44252044329485246	-0.8568887533689473
3	-0.9936910036334644	-0.8568887533689473
4	0.5155013718214642	-0.896758416334147
5	-0.44252044329485246	-0.896758416334147
6	-0.9936910036334644	-0.896758416334147
7	0.5155013718214642	-0.11215252693505487
8	-0.44252044329485246	-0.11215252693505487
9	-0.9936910036334644	-0.11215252693505487
2.2	22
1	0.4273798802338298	-0.9040721420170612
2	-0.5298361409084934	-0.9040721420170612
3	-0.9999232575641008	-0.9040721420170612
4	0.4273798802338298	-0.848100031710408
5	-0.5298361409084934	-0.848100031710408
6	-0.9999232575641008	-0.848100031710408
7	0.4273798802338298	-0.01238866346289056
8	-0.5298361409084934	-0.01238866346289056
9	-0.9999232575641008	-0.01238866346289056
2.3000000000000003	23
1	0.33498815015590466	-0.9422223406686583
2	-0.6118578909427193	-0.9422223406686583
3	-0.9961646088358406	-0.9422223406686583
4	0.33498815015590466	-0.7909677119144165
5	-0.6118578909427193	-0.7909677119144165
6	-0.9961646088358406	-0.7909677119144165
7	0.33498815015590466	0.08749898343944727
8	-0.6118578909427193	0.08749898343944727
9	-0.9961646088358406	0.08749898343944727
2.4000000000000004	24
1	0.23924932921398198	-0.9709581651495907
2	-0.6877661591839741	-0.9709581651495907
3	-0.9824526126243325	-0.9709581651495907
4	0.23924932921398198	-0.7259323042001399
5	-0.6877661591839741	-0.7259323042001399
6	-0.9824526126243325	-0.7259323042001399
7	0.23924932921398198	0.18651236942257576
8	-0.6877661591839741	0.18651236942257576
9	-0.9824526126243325	0.18651236942257576
2.5	25
1	0.1411200080598672	-0.9899924966004454
2	-0.7568024953079282	-0.9899924966004454
3	-0.9589242746631385	-0.9899924966004454
4	0.1411200080598672	-0.6536436208636119
5	-0.7568024953079282	-0.6536436208636119
6	-0.9589242746631385	-0.6536436208636119
7	0.1411200080598672	0.28366218546322625
8	-0.7568024953079282	0.28366218546322625
9	-0.9589242746631385	0.28366218546322625
2.6	26
1	0.04158066243329049	-0.9991351502732795
2	-0.8182771110644103	-0.9991351502732795
3	-0.9258146823277325	-0.9991351502732795
4	0.04158066243329049	-0.5748239465332692
5	-0.8182771110644103	-0.5748239465332692
6	-0.9258146823277325	-0.5748239465332692
7	0.04158066243329049	0.37797774271298024
8	-0.8182771110644103	0.37797774271298024
9	-0.9258146823277325	0.37797774271298024
2.7	27
1	-0.058374143427580086	-0.9982947757947531
2	-0.8715757724135882	-0.9982947757947531
3	-0.8834546557201531	-0.9982947757947531
4	-0.058374143427580086	-0.4902608213406994
5	-0.8715757724135882	-0.4902608213406994
6	-0.8834546557201531	-0.4902608213406994
7	-0.058374143427580086	0.4685166713003771
8	-0.8715757724135882	0.4685166713003771
9	-0.8834546557201531	0.4685166713003771
2.8000000000000003	28
1	-0.15774569414324865	-0.9874797699088649
2	-0.9161659367494552	-0.9874797699088649
3	-0.8322674422239008	-0.9874797699088649
4	-0.15774569414324865	-0.4007991720799746
5	-0.9161659367494552	-0.4007991720799746
6	-0.8322674422239008	-0.4007991720799746
7	-0.15774569414324865	0.5543743361791615
8	-0.9161659367494552	0.5543743361791615
9	-0.8322674422239008	0.5543743361791615
2.9000000000000004	29
1	-0.25554110202683167	-0.9667981925794609
2	-0.951602073889516	-0.9667981925794609
3	-0.7727644875559871	-0.9667981925794609
4	-0.25554110202683167	-0.30733286997841935
5	-0.951602073889516	-0.30733286997841935
6	-0.7727644875559871	-0.30733286997841935
7	-0.25554110202683167	0.6346928759426347
8	-0.951602073889516	0.6346928759426347
9	-0.7727644875559871	0.6346928759426347
3.0	30
1	-0.35078322768961984	-0.9364566872907963
2	-0.977530117665097	-0.9364566872907963
3	-0.7055403255703919	-0.9364566872907963
4	-0.35078322768961984	-0.2107957994307797
5	-0.977530117665097	-0.2107957994307797
6	-0.7055403255703919	-0.2107957994307797
7	-0.35078322768961984	0.70866977429126
8	-0.977530117665097	0.70866977429126
9	-0.7055403255703919	0.70866977429126
3.1	31
1	-0.44252044329485246	-0.896758416334147
2	-0.9936910036334644	-0.896758416334147
3	-0.6312666378723216	-0.896758416334147
4	-0.44252044329485246	-0.11215252693505487
5	-0.9936910036334644	-0.11215252693505487
6	-0.6312666378723216	-0.11215252693505487
7	-0.44252044329485246	0.7755658785102496
8	-0.9936910036334644	0.7755658785102496
9	-0.6312666378723216	0.7755658785102496
3.2	32
1	-0.5298361409084934	-0.848100031710408
2	-0.9999232575641008	-0.848100031710408
3	-0.5506855425976376	-0.848100031710408
4	-0.5298361409084934	-0.01238866346289056
5	-0.9999232575641008	-0.01238866346289056
6	-0.5506855425976376	-0.01238866346289056
7	-0.5298361409084934	0.8347127848391598
8	-0.9999232575641008	0.8347127848391598
9	-0.5506855425976376	0.8347127848391598
3.3000000000000003	33
1	-0.6118578909427193	-0.7909677119144165
2	-0.9961646088358406	-0.7909677119144165
3	-0.4646021794137566	-0.7909677119144165
4	-0.6118578909427193	0.08749898343944727
5	-0.9961646088358406	0.08749898343944727
6	-0.4646021794137566	0.08749898343944727
7	-0.6118578909427193	0.8855195169413194
8	-0.9961646088358406	0.8855195169413194
9	-0.4646021794137566	0.8855195169413194
3.4000000000000004	34
1	-0.6877661591839741	-0.7259323042001399
2	-0.9824526126243325	-0.7259323042001399
3	-0.373876664830236	-0.7259323042001399
4	-0.6877661591839741	0.18651236942257576
5	-0.9824526126243325	0.18651236942257576
6	-0.373876664830236	0.18651236942257576
7	-0.6877661591839741	0.9274784307440359
8	-0.9824526126243325	0.9274784307440359
9	-0.373876664830236	0.9274784307440359
3.5	35
1	-0.7568024953079282	-0.6536436208636119
2	-0.9589242746631385	-0.6536436208636119
3	-0.27941549819892586	-0.6536436208636119
4	-0.7568024953079282	0.28366218546322625
5	-0.9589242746631385	0.28366218546322625
6	-0.27941549819892586	0.28366218546322625
7	-0.7568024953079282	0.960170286650366
8	-0.9589242746631385	0.960170286650366
9	-0.27941549819892586	0.960170286650366
3.6	36
1	-0.8182771110644103	-0.5748239465332692
2	-0.9258146823277325	-0.5748239465332692
3	-0.18216250427209588	-0.5748239465332692
4	-0.8182771110644103	0.37797774271298024
5	-0.9258146823277325	0.37797774271298024
6	-0.18216250427209588	0.37797774271298024
7	-0.8182771110644103	0.9832684384425845
8	-0.9258146823277325	0.9832684384425845
9	-0.18216250427209588	0.9832684384425845
3.7	37
1	-0.8715757724135882	-0.4902608213406994
2	-0.8834546557201531	-0.4902608213406994
3	-0.0830894028174964	-0.4902608213406994
4	-0.8715757724135882	0.4685166713003771
5	-0.8834546557201531	0.4685166713003771
6	-0.0830894028174964	0.4685166713003771
7	-0.8715757724135882	0.9965420970232175
8	-0.8834546557201531	0.9965420970232175
9	-0.0830894028174964	0.9965420970232175
3.8000000000000003	38
1	-0.9161659367494552	-0.4007991720799746
2	-0.8322674422239008	-0.4007991720799746
3	0.0168139004843506	-0.4007991720799746
4	-0.9161659367494552	0.5543743361791615
5	-0.8322674422239008	0.5543743361791615
6	0.0168139004843506	0.5543743361791615
7	-0.9161659367494552	0.9998586363834151
8	-0.8322674422239008	0.9998586363834151
9	0.0168139004843506	0.9998586363834151
3.9000000000000004	39
1	-0.951602073889516	-0.30733286997841935
2	-0.7727644875559871	-0.30733286997841935
3	0.11654920485049364	-0.30733286997841935
4	-0.951602073889516	0.6346928759426347
5	-0.7727644875559871	0.6346928759426347
6	0.11654920485049364	0.6346928759426347
7	-0.951602073889516	0.9931849187581926
8	-0.7727644875559871	0.9931849187581926
9	0.11654920485049364	0.9931849187581926
4.0	40
1	-0.977530117665097	-0.2107957994307797
2	-0.7055403255703919	-0.2107957994307797
3	0.21511998808781552	-0.2107957994307797
4	-0.977530117665097	0.70866977429126
5	-0.7055403255703919	0.70866977429126
6	0.21511998808781552	0.70866977429126
7	-0.977530117665097	0.9765876257280235
8	-0.7055403255703919	0.9765876257280235
9	0.21511998808781552	0.9765876257280235
4.1000000000000005	41
1	-0.9936910036334645	-0.11215252693505398
2	-0.6312666378723208	-0.11215252693505398
3	0.3115413635133787	-0.11215252693505398
4	-0.9936910036334645	0.7755658785102502
5	-0.6312666378723208	0.7755658785102502
6	0.3115413635133787	0.7755658785102502
7	-0.9936910036334645	0.9502325919585293
8	-0.6312666378723208	0.9502325919585293
9	0.3115413635133787	0.9502325919585293
4.2	42
1	-0.9999232575641008	-0.01238866346289056
2	-0.5506855425976376	-0.01238866346289056
3	0.4048499206165983	-0.01238866346289056
4	-0.9999232575641008	0.8347127848391598
5	-0.5506855425976376	0.8347127848391598
6	0.4048499206165983	0.8347127848391598
7	-0.9999232575641008	0.9143831482353194
8	-0.5506855425976376	0.9143831482353194
9	0.4048499206165983	0.9143831482353194
4.3	43
1	-0.9961646088358407	0.0874989834394464
2	-0.46460217941375737	0.0874989834394464
3	0.49411335113860816	0.0874989834394464
4	-0.9961646088358407	0.8855195169413189
5	-0.46460217941375737	0.8855195169413189
6	0.49411335113860816	0.8855195169413189
7	-0.9961646088358407	0.8693974903498253
8	-0.46460217941375737	0.8693974903498253
9	0.49411335113860816	0.8693974903498253
4.4	44
1	-0.9824526126243325	0.18651236942257576
2	-0.373876664830236	0.18651236942257576
3	0.5784397643882001	0.18651236942257576
4	-0.9824526126243325	0.9274784307440359
5	-0.373876664830236	0.9274784307440359
6	0.5784397643882001	0.9274784307440359
7	-0.9824526126243325	0.8157251001253568
8	-0.373876664830236	0.8157251001253568
9	0.5784397643882001	0.8157251001253568
4.5	45
1	-0.9589242746631385	0.28366218546322625
2	-0.27941549819892586	0.28366218546322625
3	0.6569865987187891	0.28366218546322625
4	-0.9589242746631385	0.960170286650366
5	-0.27941549819892586	0.960170286650366
6	0.6569865987187891	0.960170286650366
7	-0.9589242746631385	0.7539022543433046
8	-0.27941549819892586	0.7539022543433046
9	0.6569865987187891	0.7539022543433046
4.6000000000000005	46
1	-0.9258146823277321	0.37797774271298107
2	-0.18216250427209502	0.37797774271298107
3	0.7289690401258765	0.37797774271298107
4	-0.9258146823277321	0.9832684384425847
5	-0.18216250427209502	0.9832684384425847
6	0.7289690401258765	0.9832684384425847
7	-0.9258146823277321	0.6845466664428059
8	-0.18216250427209502	0.6845466664428059
9	0.7289690401258765	0.6845466664428059
4.7	47
1	-0.8834546557201531	0.4685166713003771
2	-0.0830894028174964	0.4685166713003771
3	0.7936678638491531	0.4685166713003771
4	-0.8834546557201531	0.9965420970232175
5	-0.0830894028174964	0.9965420970232175
6	0.7936678638491531	0.9965420970232175
7	-0.8834546557201531	0.6083513145322546
8	-0.0830894028174964	0.6083513145322546
9	0.7936678638491531	0.6083513145322546
4.800000000000001	48
1	-0.8322674422239008	0.5543743361791615
2	0.0168139004843506	0.5543743361791615
3	0.8504366206285648	0.5543743361791615
4	-0.8322674422239008	0.9998586363834151
5	0.0168139004843506	0.9998586363834151
6	0.8504366206285648	0.9998586363834151
7	-0.8322674422239008	0.5260775173811045
8	0.0168139004843506	0.5260775173811045
9	0.8504366206285648	0.5260775173811045
4.9	49
1	-0.7727644875559871	0.6346928759426347
2	0.11654920485049364	0.6346928759426347
3	0.8987080958116269	0.6346928759426347
4	-0.7727644875559871	0.9931849187581926
5	0.11654920485049364	0.9931849187581926
6	0.8987080958116269	0.9931849187581926
7	-0.7727644875559871	0.43854732757439036
8	0.11654920485049364	0.43854732757439036
9	0.8987080958116269	0.43854732757439036
