Blue Test Mesh
50 9 0.1 1 1
0.0	0
1	0.8414709848078965
2	0.9092974268256817
3	0.1411200080598672
4	0.9092974268256817
5	0.1411200080598672
6	-0.7568024953079282
7	0.1411200080598672
8	-0.7568024953079282
9	-0.9589242746631385
0.1	1
1	0.8912073600614354
2	0.8632093666488737
3	0.04158066243329049
4	0.8632093666488737
5	0.04158066243329049
6	-0.8182771110644103
7	0.04158066243329049
8	-0.8182771110644103
9	-0.9258146823277325
0.2	2
1	0.9320390859672263
2	0.8084964038195901
3	-0.058374143427580086
4	0.8084964038195901
5	-0.058374143427580086
6	-0.8715757724135882
7	-0.058374143427580086
8	-0.8715757724135882
9	-0.8834546557201531
0.30000000000000004	3
1	0.963558185417193
2	0.7457052121767203
3	-0.1577456941432482
4	0.7457052121767203
5	-0.1577456941432482
6	-0.9161659367494549
7	-0.1577456941432482
8	-0.9161659367494549
9	-0.8322674422239013
0.4	4
1	0.9854497299884601
2	0.675463180551151
3	-0.2555411020268312
4	0.675463180551151
5	-0.2555411020268312
6	-0.951602073889516
7	-0.2555411020268312
8	-0.951602073889516
9	-0.7727644875559871
0.5	5
1	0.9974949866040544
2	0.5984721441039565
3	-0.35078322768961984
4	0.5984721441039565
5	-0.35078322768961984
6	-0.977530117665097
7	-0.35078322768961984
8	-0.977530117665097
9	-0.7055403255703919
0.6000000000000001	6
1	0.9995736030415051
2	0.5155013718214642
3	-0.44252044329485246
4	0.5155013718214642
5	-0.44252044329485246
6	-0.9936910036334644
7	-0.44252044329485246
8	-0.9936910036334644
9	-0.6312666378723216
0.7000000000000001	7
1	0.9916648104524686
2	0.4273798802338298
3	-0.5298361409084934
4	0.4273798802338298
5	-0.5298361409084934
6	-0.9999232575641008
7	-0.5298361409084934
8	-0.9999232575641008
9	-0.5506855425976376
0.8	8
1	0.9738476308781951
2	0.3349881501559051
3	-0.6118578909427189
4	0.3349881501559051
5	-0.6118578909427189
6	-0.9961646088358407
7	-0.6118578909427189
8	-0.9961646088358407
9	-0.46460217941375737
0.9	9
1	0.9463000876874145
2	0.23924932921398243
3	-0.6877661591839738
4	0.23924932921398243
5	-0.6877661591839738
6	-0.9824526126243325
7	-0.6877661591839738
8	-0.9824526126243325
9	-0.373876664830236
1.0	10
1	0.9092974268256817
2	0.1411200080598672
3	-0.7568024953079282
4	0.1411200080598672
5	-0.7568024953079282
6	-0.9589242746631385
7	-0.7568024953079282
8	-0.9589242746631385
9	-0.27941549819892586
1.1	11
1	0.8632093666488737
2	0.04158066243329049
3	-0.8182771110644103
4	0.04158066243329049
5	-0.8182771110644103
6	-0.9258146823277325
7	-0.8182771110644103
8	-0.9258146823277325
9	-0.18216250427209588
1.2000000000000002	12
1	0.8084964038195901
2	-0.058374143427580086
3	-0.8715757724135882
4	-0.058374143427580086
5	-0.8715757724135882
6	-0.8834546557201531
7	-0.8715757724135882
8	-0.8834546557201531
9	-0.0830894028174964
1.3	13
1	0.7457052121767203
2	-0.1577456941432482
3	-0.9161659367494549
4	-0.1577456941432482
5	-0.9161659367494549
6	-0.8322674422239013
7	-0.9161659367494549
8	-0.8322674422239013
9	0.016813900484349713
1.4000000000000001	14
1	0.6754631805511506
2	-0.25554110202683167
3	-0.951602073889516
4	-0.25554110202683167
5	-0.951602073889516
6	-0.7727644875559871
7	-0.951602073889516
8	-0.7727644875559871
9	0.11654920485049364
1.5	15
1	0.5984721441039565
2	-0.35078322768961984
3	-0.977530117665097
4	-0.35078322768961984
5	-0.977530117665097
6	-0.7055403255703919
7	-0.977530117665097
8	-0.7055403255703919
9	0.21511998808781552
1.6	16
1	0.5155013718214642
2	-0.44252044329485246
3	-0.9936910036334644
4	-0.44252044329485246
5	-0.9936910036334644
6	-0.6312666378723216
7	-0.9936910036334644
8	-0.6312666378723216
9	0.31154136351337786
1.7000000000000002	17
1	0.4273798802338298
2	-0.5298361409084934
3	-0.9999232575641008
4	-0.5298361409084934
5	-0.9999232575641008
6	-0.5506855425976376
7	-0.9999232575641008
8	-0.5506855425976376
9	0.4048499206165983
1.8	18
1	0.3349881501559051
2	-0.6118578909427189
3	-0.9961646088358407
4	-0.6118578909427189
5	-0.9961646088358407
6	-0.46460217941375737
7	-0.9961646088358407
8	-0.46460217941375737
9	0.49411335113860816
1.9000000000000001	19
1	0.23924932921398198
2	-0.6877661591839741
3	-0.9824526126243325
4	-0.6877661591839741
5	-0.9824526126243325
6	-0.373876664830236
7	-0.9824526126243325
8	-0.373876664830236
9	0.5784397643882001
2.0	20
1	0.1411200080598672
2	-0.7568024953079282
3	-0.9589242746631385
4	-0.7568024953079282
5	-0.9589242746631385
6	-0.27941549819892586
7	-0.9589242746631385
8	-0.27941549819892586
9	0.6569865987187891
2.1	21
1	0.04158066243329049
2	-0.8182771110644103
3	-0.9258146823277325
4	-0.8182771110644103
5	-0.9258146823277325
6	-0.18216250427209588
7	-0.9258146823277325
8	-0.18216250427209588
9	0.7289690401258759
2.2	22
1	-0.058374143427580086
2	-0.8715757724135882
3	-0.8834546557201531
4	-0.8715757724135882
5	-0.8834546557201531
6	-0.0830894028174964
7	-0.8834546557201531
8	-0.0830894028174964
9	0.7936678638491531
2.3000000000000003	23
1	-0.15774569414324865
2	-0.9161659367494552
3	-0.8322674422239008
4	-0.9161659367494552
5	-0.8322674422239008
6	0.0168139004843506
7	-0.8322674422239008
8	0.0168139004843506
9	0.8504366206285648
2.4000000000000004	24
1	-0.25554110202683167
2	-0.951602073889516
3	-0.7727644875559871
4	-0.951602073889516
5	-0.7727644875559871
6	0.11654920485049364
7	-0.7727644875559871
8	0.11654920485049364
9	0.8987080958116269
2.5	25
1	-0.35078322768961984
2	-0.977530117665097
3	-0.7055403255703919
4	-0.977530117665097
5	-0.7055403255703919
6	0.21511998808781552
7	-0.7055403255703919
8	0.21511998808781552
9	0.9379999767747389
2.6	26
1	-0.44252044329485246
2	-0.9936910036334644
3	-0.6312666378723216
4	-0.9936910036334644
5	-0.6312666378723216
6	0.31154136351337786
7	-0.6312666378723216
8	0.31154136351337786
9	0.9679196720314863
2.7	27
1	-0.5298361409084934
2	-0.9999232575641008
3	-0.5506855425976376
4	-0.9999232575641008
5	-0.5506855425976376
6	0.4048499206165983
7	-0.5506855425976376
8	0.4048499206165983
9	0.9881682338770004
2.8000000000000003	28
1	-0.6118578909427193
2	-0.9961646088358406
3	-0.4646021794137566
4	-0.9961646088358406
5	-0.4646021794137566
6	0.49411335113860894
7	-0.4646021794137566
8	0.49411335113860894
9	0.998543345374605
2.9000000000000004	29
1	-0.6877661591839741
2	-0.9824526126243325
3	-0.373876664830236
4	-0.9824526126243325
5	-0.373876664830236
6	0.5784397643882001
7	-0.373876664830236
8	0.5784397643882001
9	0.998941341839772
3.0	30
1	-0.7568024953079282
2	-0.9589242746631385
3	-0.27941549819892586
4	-0.9589242746631385
5	-0.27941549819892586
6	0.6569865987187891
7	-0.27941549819892586
8	0.6569865987187891
9	0.9893582466233818
3.1	31
1	-0.8182771110644103
2	-0.9258146823277325
3	-0.18216250427209588
4	-0.9258146823277325
5	-0.18216250427209588
6	0.7289690401258759
7	-0.18216250427209588
8	0.7289690401258759
9	0.9698898108450863
3.2	32
1	-0.8715757724135882
2	-0.8834546557201531
3	-0.0830894028174964
4	-0.8834546557201531
5	-0.0830894028174964
6	0.7936678638491531
7	-0.0830894028174964
8	0.7936678638491531
9	0.9407305566797731
3.3000000000000003	33
1	-0.9161659367494552
2	-0.8322674422239008
3	0.0168139004843506
4	-0.8322674422239008
5	0.0168139004843506
6	0.8504366206285648
7	0.0168139004843506
8	0.8504366206285648
9	0.9021718337562933
3.4000000000000004	34
1	-0.951602073889516
2	-0.7727644875559871
3	0.11654920485049364
4	-0.7727644875559871
5	0.11654920485049364
6	0.8987080958116269
7	0.11654920485049364
8	0.8987080958116269
9	0.8545989080882804
3.5	35
1	-0.977530117665097
2	-0.7055403255703919
3	0.21511998808781552
4	-0.7055403255703919
5	0.21511998808781552
6	0.9379999767747389
7	0.21511998808781552
8	0.9379999767747389
9	0.7984871126234903
3.6	36
1	-0.9936910036334644
2	-0.6312666378723216
3	0.31154136351337786
4	-0.6312666378723216
5	0.31154136351337786
6	0.9679196720314863
7	0.31154136351337786
8	0.9679196720314863
9	0.7343970978741133
3.7	37
1	-0.9999232575641008
2	-0.5506855425976376
3	0.4048499206165983
4	-0.5506855425976376
5	0.4048499206165983
6	0.9881682338770004
7	0.4048499206165983
8	0.9881682338770004
9	0.6629692300821833
3.8000000000000003	38
1	-0.9961646088358406
2	-0.4646021794137566
3	0.49411335113860894
4	-0.4646021794137566
5	0.49411335113860894
6	0.998543345374605
7	0.49411335113860894
8	0.998543345374605
9	0.5849171928917617
3.9000000000000004	39
1	-0.9824526126243325
2	-0.373876664830236
3	0.5784397643882001
4	-0.373876664830236
5	0.5784397643882001
6	0.998941341839772
7	0.5784397643882001
8	0.998941341839772
9	0.5010208564578846
4.0	40
1	-0.9589242746631385
2	-0.27941549819892586
3	0.6569865987187891
4	-0.27941549819892586
5	0.6569865987187891
6	0.9893582466233818
7	0.6569865987187891
8	0.9893582466233818
9	0.4121184852417566
4.1000000000000005	41
1	-0.9258146823277321
2	-0.18216250427209502
3	0.7289690401258765
4	-0.18216250427209502
5	0.7289690401258765
6	0.9698898108450859
7	0.7289690401258765
8	0.9698898108450859
9	0.3190983623493504
4.2	42
1	-0.8834546557201531
2	-0.0830894028174964
3	0.7936678638491531
4	-0.0830894028174964
5	0.7936678638491531
6	0.9407305566797731
7	0.7936678638491531
8	0.9407305566797731
9	0.22288991410024764
4.3	43
1	-0.8322674422239013
2	0.016813900484349713
3	0.8504366206285644
4	0.016813900484349713
5	0.8504366206285644
6	0.9021718337562933
7	0.8504366206285644
8	0.9021718337562933
9	0.1244544235070617
4.4	44
1	-0.7727644875559871
2	0.11654920485049364
3	0.8987080958116269
4	0.11654920485049364
5	0.8987080958116269
6	0.8545989080882804
7	0.8987080958116269
8	0.8545989080882804
9	0.024775425453357765
4.5	45
1	-0.7055403255703919
2	0.21511998808781552
3	0.9379999767747389
4	0.21511998808781552
5	0.9379999767747389
6	0.7984871126234903
7	0.9379999767747389
8	0.7984871126234903
9	-0.0751511204618093
4.6000000000000005	46
1	-0.6312666378723208
2	0.3115413635133787
3	0.9679196720314865
4	0.3115413635133787
5	0.9679196720314865
6	0.7343970978741122
7	0.9679196720314865
8	0.7343970978741122
9	-0.1743267812229814
4.7	47
1	-0.5506855425976376
2	0.4048499206165983
3	0.9881682338770004
4	0.4048499206165983
5	0.9881682338770004
6	0.6629692300821833
7	0.9881682338770004
8	0.6629692300821833
9	-0.27176062641094245
4.800000000000001	48
1	-0.4646021794137566
2	0.49411335113860894
3	0.998543345374605
4	0.49411335113860894
5	0.998543345374605
6	0.5849171928917617
7	0.998543345374605
8	0.5849171928917617
9	-0.3664791292519284
4.9	49
1	-0.373876664830236
2	0.5784397643882001
3	0.998941341839772
4	0.5784397643882001
5	0.998941341839772
6	0.5010208564578846
7	0.998941341839772
8	0.5010208564578846
9	-0.45753589377532133
